32754	6	18499
27702	0	32755
32756	8	2005
32757	2	32758
32759	6	4290
32760	6	1585
32761	6	32762
32763	6	421
32764	6	2199
31025	0	32765
22706	0	32766
29064	2	32767
314	0	32768
32769	6	4506
4737	2	32770
901	0	32771
21932	12	32772
32773	6	1330
32774	8	3331
32775	2	13896
32776	6	1864
30951	2	32777
32778	12	13614
100	6	32779
32780	8	14501
32781	6	4341
32782	6	12601
32783	6	1410
32784	6	1502
32785	6	8286
23506	2	32786
21967	2	32787
1720	18	32788
32789	12	32790
20156	2	32791
32792	6	21270
32793	6	12952
32794	6	13161
12361	0	32795
32796	6	9359
32797	6	23698
32798	6	1219
796	0	32799
32800	6	13657
32801	6	3183
31687	2	32802
28659	0	32803
32804	6	731
32805	4	1565
32806	6	3681
32807	6	4564
7202	6	32808
32809	6	6823
3137	0	32810
32811	6	12981
32812	6	1181
7143	2	32813
32814	0	32815
32816	6	18267
4729	2	32817
32818	6	30229
32819	6	28978
32820	6	2444
32821	2	12700
32822	6	9158
32823	6	427
428	14	32824
32825	6	32826
32827	6	18612
8870	12	32828
32829	6	17880
32830	6	1864
9341	0	32831
1648	12	32832
32833	6	16709
32834	12	21189
32835	6	2631
32836	6	12342
166	0	32837
32838	0	32839
32840	6	11595
32841	6	13748
32842	2	3062
9596	6	32843
32844	6	12012
32845	6	15866
32846	6	3999
7947	2	32847
32848	0	3691
32849	6	17369
428	14	32850
32851	6	6192
2117	0	32852
32853	6	1181
32854	0	32855
32856	8	135
15558	12	32857
3473	6	32858
32859	6	32860
32861	2	23672
32862	6	1772
32863	6	11142
3222	0	32864
32865	6	12981
32866	6	10987
32867	6	20297
32868	16	10008
14221	2	32869
32870	8	211
31182	12	32871
111	12	32872
32873	6	11801
428	14	32874
32875	6	11161
32876	6	32877
32878	6	16875
4010	14	32879
32880	6	21192
32881	6	15484
1203	0	32882
32883	6	3861
32884	6	3681
32885	6	22453
2177	12	32886
32090	0	32887
32888	4	1466
32889	2	1713
24179	2	32890
32891	6	4232
32892	6	32893
32894	6	22037
32895	2	4638
32896	6	421
21363	6	32897
32898	6	25673
9773	2	32899
32900	2	27109
32901	2	4973
32902	8	1221
32903	4	1441
32904	6	11849
32905	8	135
19580	2	32906
32907	6	6675
32908	4	11450
32909	6	22851
32910	10	32911
6206	2	32912
32913	2	32914
32915	4	1144
9542	0	32916
17568	2	32917
395	0	32918
32919	8	3331
32920	6	10370
32921	6	7704
32922	6	2434
32923	6	32924
32925	6	25326
11437	0	32926
428	14	32927
32928	6	29097
32929	6	2844
32930	6	15038
32931	8	12958
32932	16	12098
4788	12	32933
32934	2	32935
1222	18	32936
5511	12	32937
32938	2	7318
21596	0	32939
7031	0	32940
32941	6	476
32942	0	15905
32943	2	22451
12282	2	32944
32945	6	31414
32946	6	19015
32947	6	32948
32949	6	1165
32950	6	1388
32951	2	3885
5398	2	32952
32953	6	495
22062	2	32954
29650	6	32955
32956	2	15985
32957	6	15235
32958	0	24315
32959	6	137
32960	12	16596
32961	6	4658
32962	0	13160
32963	6	25
32964	6	17386
32965	6	6081
30954	0	32966
32967	6	1181
32968	6	24398
32969	6	1181
15825	0	32970
32971	6	32972
32973	6	335
32974	4	29069
28975	12	32975
32976	0	32977
32978	8	18708
3186	12	32979
16320	0	32980
32981	6	3305
4841	0	32982
32983	8	211
32984	6	8974
10012	12	32985
641	12	32986
32987	6	16982
14663	6	32988
32989	6	1683
32990	0	18697
32991	6	423
32992	8	1681
4562	6	32993
32994	12	25480
32995	8	1949
32996	2	10392
32997	6	3183
32998	6	3553
32999	6	1095
33000	12	1582
33001	2	3169
6865	12	33002
33003	6	1165
33004	6	13638
33005	6	33006
20761	2	33007
33008	0	19571
33009	6	33010
33011	2	4354
33012	6	2148
33013	6	26356
33014	6	11922
29503	0	33015
33016	6	3849
33017	8	8339
11184	2	33018
33019	6	10758
2733	18	33020
33021	2	1759
33022	6	335
33023	6	14677
33024	6	15152
33025	6	12146
33026	2	31942
33027	6	20649
33028	6	8528
33029	6	817
2666	6	33030
33031	2	30518
33032	6	111
33033	0	6383
33034	6	4680
33035	6	33036
33037	6	5120
33038	6	3999
33039	6	1896
33040	2	17060
1720	18	33041
8405	2	33042
33043	6	7583
33044	6	9417
33045	6	15645
33046	2	21372
33047	0	33048
33049	6	16966
26230	0	33050
4841	0	33051
33052	6	12951
33053	4	1565
21875	6	33054
18811	0	33055
13062	6	33056
33057	2	20519
33058	6	29614
33059	2	4636
636	12	33060
31279	6	33061
33062	6	1958
33063	8	211
33064	6	19876
33065	6	9018
33066	6	411
33067	6	25781
33068	6	495
33069	2	532
33070	6	3485
24600	2	33071
11683	0	33072
33073	2	33074
33075	2	25185
33076	6	9385
33077	6	248
33078	6	255
33079	6	30014
33080	6	1076
33081	6	18512
8068	2	33082
33083	12	27521
33084	6	10632
12537	0	33085
33086	6	14705
33087	6	4409
33088	6	9097
33089	6	3534
33090	6	126
11251	0	33091
6398	12	33092
33093	8	1949
15546	0	33094
33095	6	33096
33097	6	33098
33099	12	11705
9233	12	33100
33101	2	826
33102	6	33103
1720	18	33104
22189	0	33105
33106	6	13223
33107	2	31659
33108	12	33109
33110	6	423
33111	6	11115
33112	6	3074
33113	6	698
33114	2	24522
2733	18	33115
33116	6	25035
33117	6	7985
33118	6	22699
33119	6	731
19070	2	33120
24716	0	33121
1901	0	33122
33123	6	5507
33124	6	1607
33125	6	462
33126	2	2266
20936	6	33127
33128	2	5688
9189	6	33129
33130	6	8974
33131	6	1589
11496	2	33132
33133	6	731
33134	6	16003
7182	0	33135
23617	12	33136
33137	6	17527
33138	8	1681
1902	12	33139
33140	2	6656
14632	6	33141
33142	6	30
33143	2	5153
33144	6	24525
18559	6	33145
33146	6	4934
33147	6	27292
21095	6	33148
33149	6	1298
33150	12	25975
33151	8	135
33152	2	33153
33154	4	33155
33156	2	24170
23482	16	33157
33158	6	5086
33159	6	335
33160	6	2655
33161	6	10629
33162	6	3722
33163	8	8259
33164	6	29791
33165	16	5204
33166	6	30062
33167	6	33168
33169	6	3722
33170	8	211
33171	6	495
33172	4	1441
1847	2	33173
21618	0	33174
33175	6	18509
33176	8	4352
33177	2	1740
33178	6	23080
33179	6	10205
12699	12	33180
17591	6	33181
33182	6	11948
33183	12	20300
33184	6	783
33185	6	495
33186	8	975
33187	6	7477
16813	6	33188
33189	2	5917
977	6	33190
33191	6	22983
3045	0	33192
15509	0	33193
30137	2	33194
33195	12	22772
33196	0	8792
16852	2	33197
33198	2	7506
33199	2	32792
33200	2	17319
11502	2	33201
8980	0	33202
33203	6	7632
33204	6	504
33205	6	8266
33206	6	32959
33207	6	18291
33208	12	15061
33209	6	18826
33210	6	2452
33211	6	21479
33212	6	3540
33213	6	21074
33214	8	12797
33215	0	32165
33216	4	851
26060	12	33217
10230	0	33218
33219	2	24217
1506	2	33220
33221	6	7286
33222	0	19447
33223	6	3012
33224	8	32170
33225	6	10413
26655	2	33226
33227	6	11285
901	0	33228
33229	6	7457
8067	2	33230
19971	0	33231
33232	6	12756
33233	6	3722
33234	6	14108
23418	2	33235
33236	6	16975
33237	6	7507
33238	6	495
33239	6	9637
33240	8	6428
26066	2	33241
33242	6	1526
33243	6	2205
33244	6	20962
33245	6	11839
33246	6	32482
17621	0	33247
20994	12	33248
428	14	33249
15706	12	33250
33251	6	12816
33252	6	10695
19836	0	33253
20636	0	33254
1972	0	33255
428	14	33256
33257	6	2354
33258	6	17813
1584	2	33259
33260	6	29028
33261	12	19945
14518	2	33262
9667	2	33263
33264	6	625
20200	0	33265
33266	6	31755
33267	8	2025
428	14	33268
33269	2	9724
33270	8	7611
33271	4	28123
33272	6	15070
33273	2	17651
11916	2	33274
33275	8	1600
7046	10	33276
15542	2	33277
7360	6	33278
383	2	33279
33280	0	13949
33281	6	23805
29074	6	33282
33283	6	20331
33284	6	33285
33286	6	6656
33287	6	10553
775	0	33288
33289	6	14347
33290	6	19927
27807	12	33291
33292	2	8962
4630	12	33293
33294	6	33295
13190	0	33296
33297	6	6732
18703	2	33298
33299	2	217
33300	6	353
33301	6	20201
33302	6	3623
27109	2	33303
5429	10	33304
33305	6	24525
33306	6	13957
33307	6	1202
33308	8	311
33309	2	5353
33310	6	1468
14108	12	33311
33312	6	15867
12553	2	33313
33314	6	3681
33315	6	1775
33316	8	135
33317	6	7269
33318	0	33319
33320	6	137
33321	6	17500
15515	12	33322
2474	0	33323
32348	0	33324
33325	6	655
33326	6	17654
33327	6	41
428	14	33328
33329	6	353
14437	0	33330
20137	12	33331
33332	0	33333
33334	6	14887
30510	2	33335
33336	6	33337
166	0	33338
33339	6	7706
11978	2	33340
25541	2	33341
33342	6	411
33343	6	255
33344	6	22425
33345	0	33346
33347	8	33348
33349	6	4186
12710	2	33350
6836	2	33351
33352	6	28065
17478	0	33353
2474	0	33354
5802	12	33355
1720	18	33356
33357	6	12964
33358	6	4658
33359	6	33360
33361	2	15052
22555	2	33362
33363	6	10944
33364	2	19271
33365	2	22437
33366	6	33367
1724	0	33368
33369	2	5049
33370	6	13096
33371	6	11603
33372	2	8315
5793	0	33373
33374	8	10638
33375	2	26763
33376	6	495
33377	6	33378
33379	6	462
33380	2	31634
33381	6	5025
33382	6	11155
21756	2	33383
33384	6	26209
33385	6	4454
33386	6	10721
33387	6	5011
33388	6	19326
33389	12	11454
21681	0	33390
8440	2	33391
33392	6	7858
33393	6	2082
33394	6	698
33395	6	2320
176	12	33396
33397	6	1907
33398	6	17252
6122	14	33399
33400	6	15350
33401	6	2434
33402	2	9511
33403	6	33404
6865	12	33405
9306	18	33406
33407	6	520
33408	4	18887
33409	6	17466
33410	6	9988
21976	2	33411
33412	6	3611
33413	6	33414
33415	2	15181
33416	6	17753
33417	2	33418
33419	6	25446
33420	12	15948
33421	2	453
33422	2	33423
33424	6	16885
29222	6	33425
33426	6	8210
33427	6	19977
33428	4	225
33429	6	33430
6722	2	33431
1203	12	33432
33433	6	24066
33434	2	6585
16567	6	33435
33436	6	1219
33437	6	1819
21517	2	33438
33439	2	25817
3266	14	33440
33441	2	14171
166	0	33442
14670	14	33443
33444	6	2906
33445	6	21130
33446	2	3078
1186	12	33447
33448	6	2908
33449	6	3090
33450	2	11917
8519	2	33451
16043	2	33452
33453	6	23401
33454	2	33455
33456	8	1681
33457	2	33458
33459	6	25371
33460	6	23603
33461	6	25994
21574	2	33462
33463	6	16231
33464	6	4348
33465	6	6740
29449	12	33466
33467	6	25967
8667	0	33468
33469	0	33470
33471	6	8196
33472	6	6050
33473	6	21895
33474	6	17459
33475	6	11148
33476	6	13336
33477	6	1410
9495	2	33478
33479	0	25380
33480	6	6962
33481	6	1188
1720	18	33482
33483	6	251
16574	0	33484
33485	6	22344
2714	0	33486
11898	12	33487
5681	10	33488
33489	6	6656
7402	0	33490
33491	6	353
24579	0	33492
198	0	33493
33494	2	14229
967	12	33495
33496	0	32819
17066	2	33497
33498	2	391
33499	6	7670
1720	18	33500
33501	6	495
33502	4	1774
33503	6	33504
33505	6	3906
33506	6	20201
33507	2	16910
18591	2	33508
428	14	33509
33510	6	655
33511	6	2534
33512	2	30274
33513	6	421
33514	2	1382
33515	0	13963
33516	6	1109
33517	6	6028
33518	6	246
33519	6	24784
33520	6	30071
7828	6	33521
33522	6	33523
33524	2	14843
33525	6	1091
33526	2	11142
33527	4	2122
33528	8	6136
33529	6	29518
33530	6	2320
33531	0	33532
33533	6	8878
1203	12	33534
8558	12	33535
33536	6	1936
33537	2	3615
33538	6	17439
33539	6	5120
11903	0	33540
33541	6	15742
33542	6	3983
12879	0	33543
33544	6	1248
27795	12	33545
24589	12	33546
33547	4	499
33548	6	24981
33549	6	5757
6673	2	33550
33551	4	225
12917	12	33552
21823	0	33553
33554	6	411
11317	12	33555
33556	6	29641
1318	2	33557
28092	4	33558
33559	6	2444
33560	6	33561
33562	6	1181
33563	2	19122
33564	6	16680
33565	6	14154
33566	6	11834
33567	6	29097
33568	8	9040
33569	2	25325
33570	6	11123
33571	6	207
33572	8	5864
33573	6	505
33574	12	32145
33575	6	16915
33576	0	33577
33578	6	10995
856	0	33579
33580	8	1465
33581	12	31194
25553	2	33582
33583	0	32827
6793	0	33584
4597	12	33585
33586	6	3225
33587	6	12247
33588	2	25280
33589	6	353
33590	6	5456
33591	6	6256
33592	6	546
33593	6	1407
21734	6	33594
25829	2	33595
4326	2	33596
33597	6	33598
33599	2	2518
843	12	33600
33601	6	13996
33602	6	423
33603	6	961
33604	6	30330
24769	6	33605
33606	6	22118
33607	12	23670
33608	6	7979
1985	2	33609
33610	8	16468
33611	6	26433
33612	6	11674
10642	12	33613
1220	12	33614
2202	0	33615
33616	6	12680
33617	2	799
33618	6	5781
22234	6	33619
33620	6	16626
33621	6	4832
33622	6	11897
33623	4	225
33624	6	2058
33625	6	5048
33626	2	18198
3460	6	33627
33628	6	15614
12090	2	33629
33630	6	7396
33631	2	13429
33632	6	33143
33633	6	783
13472	16	33634
33635	8	11114
33636	4	225
33637	6	21684
428	14	33638
33639	12	19912
33640	6	16769
33641	6	8528
20940	2	33642
33643	6	10216
33644	6	553
33645	8	13361
33646	8	11587
33647	4	225
17442	6	33648
27055	2	33649
33650	6	698
33651	6	421
18069	0	33652
33653	2	6474
33654	6	12181
33655	6	2226
33656	2	33657
33658	6	4456
18469	0	33659
33660	6	5120
19475	0	33661
33662	6	7575
33663	2	16790
33664	6	9802
12674	2	33665
24845	0	33666
33667	6	19442
33668	6	11281
33669	6	959
33670	6	11302
9726	2	33671
4980	0	33672
31329	2	33673
33674	2	7110
33675	12	33676
2733	18	33677
33678	4	4447
33679	12	31149
33680	6	711
22424	0	33681
33682	6	26790
33683	6	23748
33684	6	17960
33685	6	4703
33686	6	13296
33687	6	655
33688	6	27432
33689	6	731
25078	10	33690
366	14	33691
33692	6	421
33693	2	33694
23374	6	33695
33696	0	15327
33697	6	4229
33698	0	33699
33700	6	11434
33701	6	18006
967	12	33702
33703	2	6610
33704	2	33705
33706	8	27529
33707	6	2053
33708	2	13359
13664	6	33709
28673	0	33710
33711	6	15957
27163	6	33712
33713	6	9439
33714	6	8815
33715	6	1181
33716	6	246
469	12	33717
29358	2	33718
33719	2	33720
33721	6	28856
33722	6	13075
33723	6	3207
33724	6	13051
33725	6	495
33726	6	4557
4409	2	33727
8863	6	33728
33729	2	21220
11182	2	33730
33731	8	1681
33732	0	33733
33734	6	963
33735	4	702
33736	2	33737
33738	6	11849
33739	6	1109
33740	6	41
33741	2	8779
33742	6	28147
33743	4	225
33744	6	2860
33745	6	353
33746	6	15928
33747	6	2434
14945	2	33748
33749	6	33750
33751	2	33752
33753	6	1801
19555	12	33754
33755	6	7428
11965	6	33756
8242	12	33757
5511	12	33758
33759	6	33760
33761	8	1367
19053	2	33762
14000	2	33763
33764	6	5487
4841	0	33765
33766	6	9153
33767	6	1109
33768	6	22915
20385	6	33769
2155	12	33770
33771	8	4113
33772	16	17680
33773	6	27258
27099	0	33774
33775	6	22733
33776	6	14645
33777	6	21192
33778	4	5737
9462	12	33779
33780	2	17087
940	12	33781
33782	12	20547
33783	6	2137
33784	6	9512
176	12	33785
33786	6	33787
33788	6	31015
33789	12	15656
8264	0	33790
33791	12	12403
33792	6	27051
166	0	33793
33794	6	6028
29402	8	33795
28209	6	33796
33797	2	33798
33799	6	995
33800	6	2646
33801	6	18460
2733	18	33802
33803	2	33804
31113	2	33805
33806	6	30006
33807	0	18307
33808	8	1221
33809	6	9324
91	2	33810
19559	0	33811
33812	6	19872
14810	12	33813
33814	6	4658
7922	0	33815
33816	6	1310
32250	2	33817
33818	10	16071
33819	6	32707
33820	4	4094
19523	2	33821
33822	6	11976
428	14	33823
33824	6	9465
33825	6	15420
33826	6	20633
33827	6	421
18085	0	33828
33829	6	2756
20374	0	33830
33831	6	23926
28386	6	33832
33833	6	8170
20802	2	33834
33835	6	1181
1720	18	33836
33837	6	335
33838	6	4186
33839	6	10933
33840	0	19667
33841	4	1144
33842	6	3720
33843	2	18066
33844	6	248
24330	2	33845
33846	6	6824
9477	2	33847
33848	2	33849
33850	8	1681
33851	6	3183
33852	6	1181
33853	6	41
33854	8	211
33855	6	2134
33856	6	12669
33857	6	10766
33858	4	11207
5852	6	33859
33860	6	15564
33861	12	29007
33862	6	28735
33863	6	251
33864	6	731
33865	6	33866
1090	0	33867
33868	12	22463
33869	8	17800
9643	0	33870
33871	6	2321
33872	6	33873
33874	6	2671
33875	6	21086
13335	0	33876
33877	6	1181
33878	6	16066
33879	6	28119
33880	0	33881
33882	6	5421
12545	2	33883
4024	2	33884
33885	6	33886
7517	2	33887
33888	6	26868
7750	12	33889
33890	6	8822
33891	12	33892
33893	6	2082
6694	2	33894
33895	6	13367
33896	6	3861
33897	6	4670
33898	6	3728
33291	12	33899
33900	2	32736
33901	2	3434
3077	2	33902
33903	4	225
17286	2	33904
33905	4	23429
33906	6	29076
33907	8	6109
32107	2	33908
33909	6	14517
33910	6	21878
33911	6	9884
33912	6	22983
24233	2	33913
33914	6	16711
24604	2	33915
28527	12	33916
29496	12	33917
1222	18	33918
20124	12	33919
16891	0	33920
33921	0	33922
33923	6	16062
12252	6	33924
33925	6	21690
33926	6	2015
33927	6	495
33928	6	1567
33929	6	33930
33931	6	18928
33932	6	21269
1210	6	33933
33934	4	6828
33935	4	15261
14274	6	33936
2098	0	33937
33938	6	7914
33939	12	33940
23825	0	33941
33942	6	16982
599	2	33943
33944	6	20734
25150	0	33945
33946	6	14614
33947	6	14659
33948	6	546
33468	0	33949
17597	0	33950
33951	6	7704
33952	6	11300
16878	2	33953
33954	6	4385
33955	0	22850
22836	2	33956
33957	2	33958
33959	6	7752
16574	0	33960
33961	6	27871
33962	0	27392
33963	6	3485
33964	2	32344
33965	6	2487
33966	6	6115
33967	6	17486
33968	6	33969
10382	0	33970
9553	12	33971
13884	12	33972
5379	2	33973
1774	6	33974
27307	2	33975
33976	6	24780
33977	6	12786
30634	6	33978
26727	2	33979
26831	0	33980
33981	6	11935
33982	6	9958
33983	8	1221
22983	6	33984
33985	6	7437
10922	12	33986
33987	0	14197
33988	2	1209
33989	6	9357
33990	2	33991
33992	6	11209
33993	2	10277
33994	6	335
33995	2	33996
33997	6	22950
33998	6	11032
2664	12	33999
4618	0	34000
34001	6	34002
34003	6	9207
34004	0	34005
19852	0	34006
34007	6	18532
34008	6	8141
34009	2	32915
34010	6	11434
34011	6	2596
34012	8	1681
34013	2	34014
34015	6	24989
34016	6	1408
15515	12	34017
774	0	34018
34019	6	698
30768	2	34020
34021	6	6522
4305	2	34022
34023	6	2367
34024	6	19681
34025	12	34026
34027	0	31441
34028	4	225
34029	6	3722
18080	2	34030
34031	12	31670
34032	6	10615
34033	6	13364
34034	6	2631
34035	6	22734
34036	4	4248
34037	6	12780
34038	6	1795
34039	6	7514
18311	0	34040
34041	6	14528
34042	6	4469
34043	6	13230
34044	6	33223
34045	2	23263
34046	12	28306
34047	6	12192
33100	6	34048
34049	2	2879
34050	6	3611
34051	2	14912
34052	6	2759
34053	4	225
34054	4	225
34055	8	135
34056	6	627
34057	4	1144
34058	6	24066
1720	18	34059
34060	6	625
33732	6	34061
33918	6	34062
25741	0	34063
11251	0	34064
34065	6	2743
34066	4	12075
34067	6	11422
34068	6	13923
19062	2	34069
34070	6	488
34071	6	17500
34072	6	353
34073	2	4987
34074	6	41
34075	6	8520
33105	6	34076
34077	4	11
34078	8	211
34079	6	8931
34080	6	4984
34081	6	34082
34083	6	8196
34084	2	3325
34085	6	8880
34086	4	1441
30418	0	34087
26799	0	34088
34089	6	21199
34090	2	11011
34091	2	3062
166	0	34092
34093	6	6453
6584	6	34094
34095	8	211
34096	6	11863
34097	6	12596
34098	2	8490
34099	6	2248
34100	6	335
34101	6	6229
13007	12	34102
34103	6	423
7364	2	34104
34105	6	34106
26355	2	34107
34108	6	3460
25807	2	34109
34110	0	34111
34112	6	15322
34113	6	10098
32768	0	34114
34115	6	715
34116	6	411
34117	2	25144
34118	6	335
34119	6	19049
34120	6	2827
34121	6	4317
34122	6	9862
9917	10	34123
34124	6	19434
34125	2	18057
34126	6	1589
34127	6	4614
34128	6	18512
712	18	34129
17308	6	34130
34131	6	16949
34132	6	14923
34133	2	16680
34134	6	495
901	0	34135
34136	6	5011
34137	2	34138
428	14	34139
34140	6	7794
34141	0	34142
34143	6	21476
34144	6	29024
34145	6	34146
34147	6	14717
4079	2	34148
9960	12	34149
12741	8	34150
34151	6	34152
34153	12	20064
34154	12	34039
9007	0	34155
18987	12	34156
34157	6	34158
34159	6	21907
34160	0	34161
34162	6	34163
34164	6	411
34165	8	13942
703	12	34166
34167	6	3906
34168	6	11000
34169	2	9855
34170	10	14959
17450	0	34171
34172	6	627
34173	6	18568
34174	6	625
34175	6	3989
34176	2	191
34177	6	1907
34178	6	731
34179	12	27545
11466	0	34180
34181	6	4361
34182	6	2611
34183	8	311
34184	2	1478
7402	0	34185
806	2	34186
34187	6	34188
34189	2	33772
23095	12	34190
901	0	34191
34192	8	211
34193	6	34194
34195	6	504
34196	6	339
34197	6	7955
13451	6	34198
34199	6	3207
34200	6	3049
34201	6	33184
34202	6	12484
6735	0	34203
34204	6	518
34205	6	25594
34206	6	11881
21683	0	34207
32585	12	34208
428	14	34209
34210	6	13187
7198	0	34211
34212	4	12822
34213	6	335
12768	2	34214
34215	6	9359
34216	6	21880
34217	6	26822
34218	6	34219
34220	6	2378
366	14	34221
34222	6	34223
34224	6	8895
34225	0	8453
34226	6	8359
34227	12	24524
34228	6	6559
34229	6	12601
1720	18	34230
34231	6	10619
34232	6	353
34233	6	8555
34234	6	10859
34235	2	31850
34236	2	33693
34237	6	16472
34238	2	34239
34240	6	26281
17955	0	34241
27708	6	34242
3280	2	34243
28106	2	34244
13832	12	34245
26183	2	34246
34247	6	14098
2202	0	34248
34249	6	11639
34250	6	12814
34251	0	29718
18053	0	34252
2733	18	34253
11955	2	34254
8747	2	34255
34256	6	7978
34257	8	34150
34258	8	2005
34259	6	973
34260	6	1181
34261	8	211
34262	6	187
34263	6	3268
34264	6	8626
3169	6	34265
34266	8	20753
34267	6	353
34268	6	11739
34269	8	1367
34270	6	335
34271	6	32229
34272	6	731
34273	6	462
34274	6	6697
34275	6	6845
34276	6	12436
34277	4	1466
34278	2	11029
34279	6	2110
34280	2	23808
28885	6	34281
34282	8	1221
1203	14	34283
34284	6	20210
34285	2	12732
34286	6	1298
6156	0	34287
34288	6	25118
19056	6	34289
28907	2	34290
34291	6	15152
34292	2	4853
34293	6	3816
34294	6	13891
16320	0	34295
23399	2	34296
34297	0	34298
34299	6	421
34300	6	2440
34301	2	7508
34302	2	18180
34303	2	17326
34304	6	7750
34305	6	16987
34306	6	25570
34307	2	27785
34308	6	26069
34309	6	657
32175	2	34310
13960	2	34311
21040	0	34312
34313	6	14901
34314	6	16015
34315	2	5968
34316	6	2002
16682	6	34317
34318	6	18475
34319	2	17901
34320	2	16980
27365	0	34321
34322	6	11448
24589	0	34323
34324	2	6401
34325	6	2534
34326	6	18173
34327	6	15038
34328	6	255
6474	2	34329
34330	6	2066
34331	0	34332
34333	6	987
34334	6	9684
34335	8	6136
34336	6	20072
34337	2	4217
23372	6	34338
34339	0	34340
34341	12	24260
34342	2	25097
22775	12	34343
26270	12	34344
30473	0	34345
13536	0	34346
34347	6	25053
34348	6	34349
26809	12	34350
1780	2	34351
12354	2	34352
34353	4	11399
34354	6	9510
34355	6	5671
34356	6	23401
34357	4	23767
34358	6	7714
34359	6	423
34360	8	19537
20825	2	34361
34362	6	21251
34363	6	1744
7427	6	34364
34365	6	15978
23967	0	34366
34367	6	4819
34368	6	21798
34369	6	18981
19805	2	34370
4597	12	34371
23396	0	34372
34373	6	7437
34374	6	34375
34376	12	3475
34377	0	30257
18024	0	34378
1214	12	34379
2419	12	34380
34381	8	4625
34382	4	922
34383	6	19924
34384	6	5196
34385	0	34386
1720	18	34387
34388	6	11201
17221	0	34389
34390	8	24470
34391	6	34392
2639	0	34393
29250	0	34394
34395	6	3989
34396	6	33655
29224	0	34397
34398	6	7884
34399	6	95
34400	6	27936
34401	6	1508
14766	0	34402
34403	0	34404
34405	6	411
34406	6	2827
34407	6	33299
34408	6	2848
34409	6	5426
34410	6	22748
14171	2	34411
34412	6	91
29929	2	34413
11826	12	34414
34415	6	5943
34416	16	13774
28193	12	34417
34418	6	12656
14947	2	34419
34420	6	9324
34421	2	12869
34422	6	7116
34423	6	3601
34424	6	423
428	14	34425
34426	2	11381
34427	6	2987
10425	12	34428
18457	6	34429
34031	12	34430
1291	0	34431
34432	6	1690
34433	6	3649
155	2	34434
34435	6	18728
34436	6	16709
32948	6	34437
34438	6	8921
34439	6	10557
26592	12	34440
15753	0	34441
9049	6	34442
19681	10	34443
29732	6	34444
33451	6	34445
34446	6	698
34447	6	1147
11285	2	34448
34449	6	3906
34450	6	7979
34451	6	21698
26389	2	34452
34453	6	31422
34454	6	23638
34455	2	21132
34456	6	537
2957	2	34457
34458	6	13227
34459	6	21907
34460	6	20987
34461	6	5564
34462	8	1357
34463	6	8141
34464	6	119
34465	2	760
34466	6	107
34467	6	1123
34468	8	4999
34469	6	5450
34470	6	11985
19158	2	34471
34472	6	109
14191	14	34473
34474	6	14609
2788	2	34475
34476	8	1681
34477	0	22524
34478	12	27661
26385	0	34479
34480	6	33422
18992	2	34481
34482	6	2528
34483	2	7107
2254	0	34484
34485	8	211
34486	6	3188
13272	2	34487
34488	4	1774
211	12	34489
29275	16	34490
34491	6	27987
34492	6	15349
34493	6	205
34494	6	13656
34495	6	34496
34497	6	12991
34498	8	2025
34499	6	7886
34500	6	22699
34501	6	34502
34503	6	16008
34504	6	14958
34505	8	5921
345	0	34506
34507	8	691
34508	2	15694
34509	6	29685
24480	2	34510
34511	6	238
34512	6	11786
3860	12	34513
34514	6	33073
6274	0	34515
34516	6	7092
34517	8	211
34518	6	28775
6122	12	34519
34520	6	21944
34521	2	34522
34523	6	8387
34524	6	411
34525	6	33746
31307	0	34526
34527	12	8830
34528	6	5757
18018	2	34529
34530	6	476
6728	6	34531
29538	0	34532
34533	6	4224
25541	2	34534
34535	6	6656
34536	2	10890
34537	0	31520
428	14	34538
34539	2	11710
22797	0	34540
34541	6	2431
34542	6	26215
34198	6	34543
34544	6	237
34545	6	15548
34546	6	24705
34547	6	655
34423	2	34548
34549	8	7449
12221	6	34550
34551	4	2354
34552	6	18304
6122	12	34553
34554	6	29940
33047	0	34555
11759	12	34556
34557	8	2177
34558	8	1949
34559	6	34560
34561	6	27549
24874	6	34562
22106	6	34563
34564	8	2939
34565	6	14954
29307	12	34566
34567	6	495
34568	6	8736
34569	6	2444
577	12	34570
34571	2	34572
16972	0	34573
34574	6	1494
4311	10	34575
9390	2	34576
25440	2	34577
34578	6	4564
34579	6	34580
34581	6	30109
34582	6	34583
34584	6	13075
390	0	34585
34586	6	6858
34587	6	7704
515	10	34588
18171	2	34589
34590	6	34591
6781	6	34592
15957	2	34593
34594	6	4062
34595	6	917
34596	6	22983
34597	6	17500
34598	6	2367
16468	2	34599
10291	0	34600
34601	6	184
34602	6	7070
34603	6	34604
34605	6	1271
34606	2	34607
34608	2	2559
18688	2	34609
34610	8	1367
34611	2	8657
34612	6	3901
18237	6	34613
34614	6	18484
34446	0	34615
24258	2	34616
34617	6	6828
34618	6	4543
6111	12	34619
31460	6	34620
34621	6	30621
6323	6	34622
34623	12	22222
34624	6	1775
34625	8	16468
662	2	34626
34627	8	4113
34628	6	1558
34629	2	4137
24217	2	34630
34631	6	28479
5855	6	34632
34633	6	24361
28318	6	34634
34635	6	91
34636	6	29881
34637	6	4348
34638	2	17945
34639	6	15152
34640	6	32698
34641	6	1747
34642	6	8443
34643	0	12529
166	0	34644
34645	6	7698
14743	12	34646
34647	6	8974
34648	2	2936
34649	6	10469
34650	6	2971
2139	0	34651
34652	6	27145
34653	6	11689
34654	6	536
34655	6	683
34656	6	1064
27673	0	34657
34658	4	2560
31186	0	34659
34660	6	10336
34661	2	1677
34662	6	731
34663	6	12790
34664	6	34665
34666	6	14110
34667	6	7099
34668	6	34669
34670	6	255
31671	12	34671
34672	2	7924
34673	6	20095
27009	0	34674
34675	6	7880
29549	18	34676
34677	6	29496
34678	12	30345
34679	6	12941
34680	6	5691
34681	6	520
34682	6	9168
34683	6	187
34684	2	2041
30163	0	34685
34686	6	27627
34687	4	851
14730	12	34688
29767	6	34689
34690	6	19099
6122	14	34691
28519	6	34692
34693	6	6166
34694	6	3345
34695	6	9555
17875	10	34696
23431	0	34697
34698	6	4317
34699	2	34407
34700	6	21167
25696	0	34701
34702	6	8359
34703	6	811
34704	6	34705
34624	0	34706
34707	6	1202
34708	4	5104
34709	2	7102
34710	0	34711
34712	8	1194
34713	6	1864
5581	2	34714
34715	8	2006
34716	6	27258
34717	6	15871
34718	6	4365
32385	2	34719
21738	0	34720
34721	6	9357
34722	6	17804
8715	0	34723
34724	6	2440
34725	6	1076
34726	6	9158
34727	6	34728
34729	6	698
23704	6	34730
34731	6	19035
166	0	34732
34733	6	30957
14218	2	34734
34735	6	3831
34736	6	1271
7309	12	34737
34738	6	5878
11682	0	34739
34740	6	11197
13680	12	34741
34742	6	3601
26742	2	34743
34744	6	17177
34745	2	7099
34746	6	6656
25102	0	34747
1389	2	34748
34749	6	7698
34750	2	2051
211	12	34751
12751	2	34752
34753	2	23333
34754	2	29449
12376	2	34755
34756	2	34757
34758	6	29101
34759	2	14732
34760	2	14964
15515	14	34761
34762	6	18667
34763	6	3722
6379	10	34764
21158	0	34765
34766	6	1310
34767	8	1053
24337	6	34768
34769	6	13858
34770	6	14011
34771	2	18087
34772	6	16799
34773	6	70
10018	2	34774
34775	8	1367
34776	4	16216
34777	6	22699
21872	0	34778
10401	18	34779
34780	6	21242
1280	12	34781
34782	2	30992
12917	12	34783
13517	0	34784
34785	8	4791
34786	6	655
34787	6	495
34788	4	1441
483	12	34789
3144	12	34790
34791	6	3313
33190	6	34792
34793	6	22710
27277	12	34794
34795	0	2308
16241	12	34796
34797	4	2236
2471	12	34798
34799	6	10553
34800	6	1577
24877	12	34801
34802	6	1921
34803	0	34804
34805	8	8339
34806	6	423
34807	6	34808
34809	6	1772
34810	6	7806
34811	6	12933
34812	2	4677
34813	2	25724
15606	0	34814
15284	12	34815
9812	2	34816
34817	6	1433
34818	2	11402
34819	6	12910
4161	2	34820
34821	6	10149
19164	10	34822
34823	6	11839
34824	6	20175
34825	6	7979
28790	0	34826
34827	6	335
34828	2	18537
34829	6	3250
34830	2	2213
34831	2	16545
34832	6	4317
34833	6	255
3972	12	34834
34835	6	239
34836	8	476
34837	6	24956
34838	6	6996
34839	6	29579
34840	6	3523
34841	6	1921
24304	2	34842
34843	6	22454
34844	2	11312
34845	6	34846
1459	10	34847
34848	2	33690
372	0	34849
34850	6	411
34851	2	7703
21846	2	34852
34853	2	29856
34854	6	13779
34855	6	3738
34856	6	335
34857	8	949
25877	6	34858
901	0	34859
34860	6	9134
34861	6	41
34862	6	20283
34863	4	2247
34864	6	2939
34865	8	14651
34866	12	30088
1445	6	34867
11826	14	34868
8980	0	34869
34870	6	2058
34871	2	15666
34872	6	13286
4534	0	34873
34874	6	8328
34875	6	959
34876	6	8207
30061	6	34877
34878	6	12951
34879	6	4317
34880	2	34881
34882	6	1109
34883	2	34884
34885	8	17928
32780	12	34886
11269	0	34887
34888	6	1719
34889	4	2028
30801	0	34890
34891	6	2534
18335	0	34892
34893	6	24656
13595	6	34894
28718	12	34895
34896	2	1867
2539	2	34897
34898	6	655
34899	8	3331
34900	8	311
1720	18	34901
34902	2	7248
13933	2	34903
34904	6	4348
34905	2	33272
10831	0	34906
11848	12	34907
34908	6	21863
3653	12	34909
34910	6	1981
34911	6	10568
3340	0	34912
34913	6	14308
7760	12	34914
34915	2	5735
34916	6	22915
5793	0	34917
20757	12	34918
34919	6	14064
34920	6	21936
34921	6	411
34922	6	353
34923	6	655
34924	6	2403
34925	6	1165
34926	6	11707
4057	2	34927
34928	6	25020
34929	2	27534
34930	8	211
28951	6	34931
16706	0	34932
8730	12	34933
34934	6	11739
27040	6	34935
34936	6	12036
20373	0	34937
34938	4	225
34939	6	421
7031	0	34940
34941	6	7866
34942	8	10533
34943	6	22439
3242	12	34944
34945	6	19396
34946	6	34947
17259	0	34948
34949	6	34950
34951	6	25868
34952	6	14647
34953	6	27365
34954	6	664
17225	12	34955
34956	6	10205
34957	6	1083
34958	4	24059
34959	6	2119
34960	12	31401
34961	6	2608
13638	2	34962
9551	0	34963
6663	2	34964
34965	6	4530
34966	8	1437
34967	6	30798
18677	6	34968
3095	0	34969
34970	4	225
34971	10	20368
34972	6	495
34973	0	3085
9658	12	34974
3721	0	34975
14117	0	34976
34977	6	1775
34978	6	8833
34979	6	16859
34980	0	1393
823	12	34981
25139	6	34982
34983	6	698
34984	6	3931
34985	6	3485
34986	6	15688
1641	10	34987
34988	6	335
34989	6	30536
34990	4	11771
34991	4	2743
34992	8	18708
7169	0	34993
25371	2	34994
34995	6	13473
1912	12	34996
4927	10	34997
34998	6	21240
15558	12	34999
2940	12	35000
35001	6	17690
25786	2	35002
35003	8	135
35004	6	3313
35005	6	13470
35006	6	13957
35007	12	11233
35008	6	4317
35009	2	22184
35010	12	8317
12350	12	35011
3402	6	35012
35013	2	30101
35014	6	1181
35015	6	1214
23888	6	35016
35017	6	6996
35018	6	10222
35019	6	23706
35020	6	3999
35021	6	13850
35022	6	22382
35023	6	16003
15928	12	35024
35025	6	22223
6469	0	35026
5299	6	35027
35028	6	14878
35029	6	21242
24973	6	35030
35031	6	35032
35033	6	125
35034	6	7507
35035	6	6656
35036	6	3118
35037	6	10758
4605	12	35038
35039	6	17856
35040	2	1212
35041	8	1367
23389	12	35042
35043	6	24801
35044	6	15484
5657	6	35045
21927	12	35046
35047	2	21182
13490	0	35048
35049	6	24950
2733	18	35050
712	18	35051
35052	6	18512
35053	4	633
35054	2	5790
35055	6	31017
6053	2	35056
35057	6	17500
12418	0	35058
35059	6	255
15156	12	35060
35061	6	7416
32687	0	35062
35063	6	30760
35064	6	2752
35065	6	33141
35066	6	13793
35067	6	10399
35068	6	6485
35069	6	2354
35070	6	12463
35071	6	20648
35072	6	6120
6865	12	35073
5879	6	35074
9224	6	35075
35076	6	2035
35077	6	18371
35078	2	12054
35079	6	29495
35080	2	7820
35081	6	1167
35082	12	35083
35084	6	6451
16200	2	35085
34151	2	35086
12554	2	35087
35088	6	23849
35089	6	41
35090	4	3885
35091	6	495
13785	0	35092
35093	6	546
35094	6	8880
35095	6	14677
35096	2	5176
35097	2	4009
35098	12	22382
35099	6	35100
13710	0	35101
35102	6	4435
35103	6	2434
428	14	35104
35105	6	3872
7611	2	35106
35107	6	25013
35108	6	5456
428	14	35109
35110	2	28293
35111	6	29971
35112	6	15077
35113	6	22610
35114	6	1410
35115	2	555
25363	6	35116
35117	8	6136
35118	6	18110
35119	2	12628
35120	6	3816
35121	6	34543
35122	6	22472
35123	6	411
35124	6	423
35125	0	296
35126	6	6889
35127	2	13044
35128	6	21646
35129	4	1240
35130	8	6109
35131	8	1437
35132	2	11905
34257	8	35133
30673	0	35134
57	6	35135
428	14	35136
35137	2	16933
35138	6	184
35139	6	335
35140	6	698
35141	6	495
885	0	35142
35143	6	5120
35144	6	33367
35145	6	35146
35147	6	109
33543	6	35148
35149	6	11023
1997	12	35150
19382	2	35151
35152	6	3017
35153	6	1261
35154	6	4643
35155	2	31855
35156	6	4651
23558	2	35157
35158	6	7099
35159	6	2129
35160	6	7476
30867	0	35161
35162	6	16137
1720	18	35163
35164	6	4797
35165	6	3887
35166	6	20210
35167	12	35168
636	14	35169
16891	0	35170
35171	6	10661
35172	6	15970
35173	6	7126
35174	6	8148
35175	6	1547
35176	2	35177
35178	6	7286
35179	6	4966
3113	2	35180
35181	8	211
35182	6	2972
35183	6	29915
35184	6	13930
35185	0	35186
35187	6	2960
35188	8	8224
6359	6	35189
29137	6	35190
2474	0	35191
35192	6	4186
35193	6	3469
35194	6	627
35195	6	5068
3760	12	35196
35197	4	499
35198	6	30751
35199	6	7775
13016	6	35200
35201	8	211
35202	6	11483
35203	6	7424
11666	0	35204
35205	6	423
21084	2	35206
28697	2	35207
35208	4	1466
428	14	35209
35210	6	5523
35211	6	29646
166	0	35212
35213	6	423
35214	6	430
35215	4	2485
35216	6	19508
35217	6	2015
35218	6	6656
35219	8	12291
22922	2	35220
22914	6	35221
35222	6	14108
4709	2	35223
35224	2	14221
35225	6	13192
35226	6	25193
428	14	35227
32292	8	35228
23154	6	35229
35230	6	5740
35231	6	14347
35232	6	17610
3786	0	35233
35234	6	19911
35235	8	211
35236	4	22124
35237	6	698
35238	4	4094
8093	0	35239
35240	6	13815
35241	6	423
5975	0	35242
35243	0	31629
6151	8	35244
35245	6	1410
35246	0	30034
34566	6	35247
22394	2	35248
35249	6	19432
5042	0	35250
28749	0	35251
35252	6	33893
35253	6	9778
8316	0	35254
31083	6	35255
2424	2	35256
35257	6	1410
236	2	35258
1430	0	35259
35260	6	2440
35261	6	9018
35262	6	3268
35263	6	11861
29653	0	35264
35265	6	1854
35266	6	5984
15089	2	35267
35268	2	2454
770	0	35269
35270	6	14018
35271	6	2354
35272	6	9126
35273	6	12443
35274	6	8974
35275	0	12162
35276	2	30462
20578	2	35277
35278	8	26435
35279	8	8224
9336	0	35280
35281	6	30422
10033	2	35282
35283	6	11483
3381	12	35284
1720	18	35285
35286	6	20462
35287	6	5850
35288	6	21562
35289	6	89
11568	12	35290
9567	2	35291
35292	6	462
35293	0	34449
10760	2	35294
26981	0	35295
21158	0	35296
8124	6	35297
35298	0	35299
35300	6	14650
35301	6	6286
428	14	35302
35303	4	17227
33614	8	35304
35305	12	15177
35306	6	21997
8851	12	35307
6119	6	35308
35309	6	12460
35310	6	33627
35311	6	8102
35312	6	13096
35313	6	16239
35314	6	14844
35315	6	27816
35316	6	17155
35317	2	26591
35318	6	8244
5802	12	35319
35320	0	27838
35321	6	8286
35322	6	28773
35323	6	35324
35325	0	35326
35327	2	22880
35328	8	1053
35329	6	9719
35330	6	5310
5457	2	35331
35332	6	830
35333	8	1367
35334	6	421
35335	6	3350
35336	6	27585
35337	6	1804
35338	6	2444
35339	6	19349
35340	6	4307
13167	6	35341
35342	6	8770
35343	6	7141
428	14	35344
23395	2	35345
35346	2	22922
35347	0	7611
35348	6	16291
35349	6	8207
35350	6	817
35351	6	1050
16117	6	35352
35353	6	900
35354	6	4001
35355	10	14044
35356	6	4374
35357	6	6061
30661	2	35358
35359	6	3837
35360	6	6824
21160	0	35361
35362	6	814
35363	8	135
35364	4	225
35365	2	17812
35366	2	4723
2282	0	35367
11091	0	35368
35369	6	11207
35370	6	253
16624	6	35371
35372	6	6042
22273	12	35373
35374	6	4921
35375	6	415
35376	6	17646
35377	6	6697
35378	6	25570
35379	6	2491
35380	6	1775
28790	0	35381
4427	2	35382
35383	16	17149
35384	6	5120
8650	12	35385
35386	6	21270
35387	6	1261
30222	2	35388
35389	6	9013
35390	6	25819
23638	2	35391
34646	12	35392
35393	6	2827
35394	6	8974
35395	6	16778
18149	12	35396
35397	2	6568
30786	0	35398
35399	6	625
35400	6	7686
35401	6	884
6558	12	35402
35403	6	11454
35404	6	10549
35405	8	8339
35406	2	32718
35407	6	3611
428	14	35408
35409	0	17896
35410	8	211
35411	6	1188
35412	12	35413
35414	6	35415
29426	6	35416
35417	6	25597
35418	6	14634
35419	6	12566
10668	0	35420
9007	0	35421
14730	12	35422
35423	6	19729
35424	6	22777
35425	0	11038
35426	4	702
35427	6	35428
35429	6	817
35430	6	35431
35432	8	18708
35433	8	1681
3643	2	35434
35435	6	3503
35436	8	135
35437	8	9763
35438	6	2571
35439	8	22661
35440	6	8974
35441	6	1775
35442	2	1790
35443	6	12128
35444	8	18062
20130	12	35445
35446	4	469
29582	6	35447
35136	6	35448
35449	2	30185
35450	6	495
35451	6	731
35452	6	9258
10401	18	35453
35454	6	5024
4601	0	35455
35456	6	20490
26247	12	35457
35458	6	27046
35459	6	18189
35460	4	1144
35461	6	35462
35463	6	35464
35465	6	35466
35467	6	9821
16644	0	35468
35469	6	1083
24251	6	35470
35471	4	1565
23447	6	35472
35473	6	12964
35474	6	421
35475	6	11839
35476	6	5818
35477	2	20616
35478	6	13942
15056	2	35479
15314	0	35480
428	14	35481
35482	6	12738
35483	6	12775
35484	6	30229
35485	6	33743
35486	2	20617
35487	6	15070
35488	6	698
35489	6	15325
35490	6	5639
35491	10	2632
35492	6	4651
35493	6	7310
35494	0	8610
35495	8	7914
35496	2	17614
35497	6	1010
35498	6	23617
950	0	35499
35500	4	2883
35501	2	26878
35502	6	26302
35503	8	3331
35504	6	4625
33585	8	35505
35506	6	8788
428	14	35507
1997	12	35508
35509	6	8902
35510	6	22702
4049	12	35511
428	14	35512
35513	6	8742
35514	6	6456
2413	2	35515
20831	0	35516
35517	6	21013
35518	6	4585
4841	0	35519
8730	12	35520
35521	6	2354
35522	4	225
35523	6	495
35524	6	21216
35525	6	462
35526	0	10170
13883	2	35527
35528	12	27638
35529	6	35530
35531	6	1577
15379	2	35532
35533	8	7611
35534	6	7160
35535	6	10615
35536	6	28874
35537	6	26611
35538	6	35539
35540	6	248
35541	12	18804
35542	4	225
2666	2	35543
35544	2	8964
35545	6	2328
35546	4	3380
35547	6	7095
35548	6	4658
35549	4	11399
35550	6	35551
35552	6	137
35553	2	5748
35554	0	30359
35555	0	30931
35556	6	24799
16345	0	35557
35558	6	6286
35559	6	1686
25012	0	35560
5590	0	35561
16361	2	35562
35563	2	35564
35565	6	7514
22382	12	35566
35567	6	12886
35568	6	12526
35569	2	11357
35570	16	15952
35571	6	29139
541	18	35572
1724	14	35573
35574	2	29914
35575	6	698
35576	8	26444
35577	8	19078
35578	6	21001
35579	6	3110
1186	12	35580
2139	0	35581
35582	4	1565
35583	6	35584
35585	4	851
35586	6	17705
35587	6	17552
35588	6	8282
35589	6	35590
31038	2	35591
4928	10	35592
35593	20	18503
12938	2	35594
35595	6	495
35596	6	7056
13862	12	35597
35598	0	29937
35599	6	1990
35600	6	9510
35601	2	21079
35602	6	192
35603	6	536
35604	4	702
35605	6	2987
35606	8	7449
2722	12	35607
35608	6	21324
35609	6	23440
35610	0	13305
35611	6	30383
35612	6	31253
35613	2	11709
35614	6	20567
35615	0	35616
16098	0	35617
25538	6	35618
35619	6	12601
35620	6	698
35621	6	21304
35622	8	12228
35623	6	33708
35624	0	18338
35625	6	423
671	6	35626
35627	6	7014
6537	6	35628
35629	6	462
35630	6	9567
35631	6	495
35632	2	30264
35633	6	20490
35634	6	20320
35635	6	4421
20294	0	35636
13570	12	35637
24161	6	35638
35639	6	18512
19771	0	35640
35641	6	8974
15880	6	35642
35643	6	9197
5159	6	35644
35645	6	12027
35646	6	1567
35647	6	1988
35648	6	12680
35649	6	15645
35650	6	3208
35651	8	10859
35652	6	12680
30062	2	35653
35654	6	14556
35655	6	12530
11088	12	35656
35657	8	1221
2166	8	35658
428	14	35659
26503	2	35660
10176	12	35661
428	14	35662
35663	6	3483
31359	6	35664
35665	6	14368
35666	6	32389
5605	2	35667
35668	6	8170
35669	6	14207
35670	12	35671
35672	6	8859
5429	2	35673
35674	6	8102
35675	6	10093
35676	2	35677
35678	6	18534
548	12	35679
35680	8	3331
13796	0	35681
35682	6	13906
30588	2	35683
35684	2	7984
35685	6	22470
35686	6	6451
35687	6	125
35688	6	3277
35689	6	28192
35690	8	6136
35691	8	2425
20407	2	35692
35693	6	4378
35694	6	11434
35695	0	16402
770	0	35696
35697	6	5221
35698	4	851
35699	6	7575
11269	0	35700
3302	0	35701
35702	6	17179
3144	12	35703
35704	2	4061
35705	6	1590
35706	6	4314
29493	12	35707
35708	6	35709
35710	6	3698
1720	18	35711
35712	10	21848
2639	0	35713
11955	12	35714
1969	2	35715
3089	12	35716
35717	6	495
35718	4	6293
35719	6	14281
35720	6	411
35721	6	18625
35722	8	35723
35724	6	9404
35725	6	731
35726	6	3931
35727	6	24740
35728	6	255
35729	6	14116
35730	6	2045
35731	0	19876
35732	2	12024
35733	8	8339
35734	6	18580
35735	8	253
12196	0	35736
35737	6	30120
35738	12	35739
35740	2	29745
35741	0	5350
35742	6	35743
8071	0	35744
35745	6	12194
19160	0	35746
35747	6	9510
29608	0	35748
14758	2	35749
31093	6	35750
27305	0	35751
35752	4	1504
35753	2	31871
35754	6	35755
35756	6	25423
35757	6	11505
35758	4	5855
166	0	35759
1724	12	35760
19455	2	35761
35762	2	7038
35763	6	7886
32687	0	35764
35765	6	5290
35766	2	28712
35767	6	3540
35768	6	35769
2419	12	35770
2619	2	35771
35772	6	9603
9018	0	35773
35774	6	8050
35775	6	7537
35776	6	21281
35777	6	10399
3238	2	35778
35779	0	35780
1222	18	35781
35782	6	31646
33272	2	35783
35784	2	2201
35785	4	702
35786	2	23400
35787	6	35788
35789	6	35537
35790	2	1045
2863	0	35791
35792	6	1801
35793	6	7366
35794	6	2939
35795	6	13607
35796	6	353
35797	6	2137
35798	6	1013
35799	6	495
29039	0	35800
17816	0	35801
23967	0	35802
35803	6	804
35804	6	27228
9341	0	35805
16471	6	35806
35807	2	8524
35808	6	8854
35809	6	1819
35810	6	5221
35811	6	299
35812	6	423
35813	6	19326
35814	6	35807
1720	18	35815
16891	0	35816
4094	12	35817
35818	6	12828
643	12	35819
35820	6	10787
35821	6	13521
23298	6	35822
26902	6	35823
35824	6	35825
35826	6	339
11957	0	35827
35828	6	25920
35829	0	35830
2524	6	35831
35832	2	18231
35833	6	421
35834	6	5011
35835	8	1681
33389	6	35836
35837	4	225
35838	2	2323
9542	0	35839
35840	8	6036
35841	6	731
35842	2	32132
35843	2	2061
35844	6	6978
6100	2	35845
35846	6	1181
27190	0	35847
35848	6	335
26866	0	35849
357	20	35850
25040	2	35851
35852	6	13793
35853	8	476
35854	6	32258
35855	6	11699
15529	0	35856
11096	0	35857
35858	6	6962
35859	6	13447
35860	6	13427
35861	6	3981
35862	6	411
35863	6	27732
35864	6	1002
35865	6	10458
35866	6	5131
35681	0	35867
35868	6	11319
35869	6	117
35870	6	8421
35871	6	29713
428	14	35872
35873	6	335
35874	6	959
21465	0	35875
35876	6	35877
23402	0	35878
34211	6	35879
35880	6	7162
13183	2	35881
23367	0	35882
35883	6	2066
35884	2	15136
35885	8	2939
35886	4	15960
35887	6	2987
35888	6	7670
35889	6	3784
15011	0	35890
3268	2	35891
35892	6	9944
292	12	35893
176	12	35894
21675	0	35895
35896	8	7116
35897	6	12964
35898	6	27212
35899	2	8465
35900	6	251
35901	8	211
2641	12	35902
35903	6	10886
35904	6	19753
35905	6	10670
35906	6	15688
35907	6	7011
35908	6	7704
35909	6	6240
35910	6	9031
35911	6	4692
4948	0	35912
35913	6	26433
31473	12	35914
35915	6	9253
35916	6	14887
35917	6	479
35918	4	11958
35919	6	5260
35920	6	20285
35921	8	211
35922	6	709
7939	0	35923
35924	6	21052
35925	6	14143
35926	6	7398
35927	2	9403
35928	6	411
35929	6	2499
35930	6	15736
35931	2	8756
35932	8	35933
35934	6	3207
35935	6	4524
1984	12	35936
24146	0	35937
18802	0	35938
11502	2	35939
28295	6	35940
35941	8	211
35942	6	495
35943	6	15906
35944	6	1544
8657	2	35945
35946	6	11030
1720	18	35947
15830	6	35948
35949	6	9002
35950	0	35951
12917	12	35952
8451	2	35953
35954	8	1681
35955	6	20490
35956	6	2754
35957	8	8196
35958	6	18981
428	14	35959
35960	8	311
35961	4	2227
35962	6	18371
35963	2	33630
13394	2	35964
35965	2	25329
4751	2	35966
35967	6	495
24384	0	35968
35969	8	10670
35970	6	14957
35971	6	495
35972	6	10027
35973	6	1967
35974	12	22455
23311	6	35975
428	14	35976
35977	6	10537
2419	12	35978
35979	6	1188
35980	4	8445
35981	6	6552
35982	8	32205
35983	6	11689
35984	6	16483
35985	8	35986
35987	8	211
8264	0	35988
1720	18	35989
35990	6	5120
35991	6	5338
35992	6	7639
35993	2	15336
35994	6	5970
35995	6	10205
35996	8	32123
15148	2	35997
1720	18	35998
35999	6	963
36000	6	5984
36001	6	10264
12655	12	36002
36003	4	702
12635	12	36004
36005	6	5202
28370	12	36006
36007	6	3637
36008	6	14405
36009	6	9991
36010	6	23090
36011	2	17568
30392	0	36012
36013	6	19326
36014	6	411
36015	6	10886
12978	6	36016
23902	2	36017
36018	6	1819
36019	6	14141
26379	2	36020
36021	6	900
36022	6	10615
36023	6	21613
36024	6	36025
166	0	36026
5802	12	36027
36028	6	3548
36029	6	12806
11595	2	36030
36031	4	225
36032	6	548
36033	6	13456
36034	6	7292
21932	12	36035
36036	12	35547
543	0	36037
36038	6	15367
36039	6	5474
30030	0	36040
36041	6	4370
36042	2	16743
21164	0	36043
36044	6	28192
36045	6	15180
4657	0	36046
36047	8	1605
11903	0	36048
29920	2	36049
36050	6	4004
36051	6	1427
24219	10	36052
26217	0	36053
36054	6	23588
36055	6	2444
36056	6	12595
36057	12	36058
36059	8	3331
36060	6	33007
5732	0	36061
36062	6	3089
1660	0	36063
36064	6	9709
36065	6	8623
36066	6	15802
36067	6	9672
36068	6	3475
36069	6	21260
36070	8	2425
36071	6	19681
36072	6	8726
36073	6	16087
1214	12	36074
36075	2	21030
36076	6	2058
36077	6	36078
21065	0	36079
36080	6	9165
18312	0	36081
11466	0	36082
366	14	36083
36084	6	11788
36085	8	211
1539	12	36086
36087	6	20609
36088	6	33073
35612	0	36089
36090	6	11819
12288	2	36091
36092	6	2044
36093	6	24445
36094	6	2463
36095	6	27216
36096	6	353
36097	6	7507
33378	6	36098
10792	6	36099
23486	0	36100
8471	6	36101
36102	6	1877
36103	6	5341
20697	6	36104
36105	6	2316
36106	2	10684
36107	6	36108
36109	4	4248
428	14	36110
36111	6	16230
36112	6	2576
10020	2	36113
36114	6	6286
36115	6	2608
36116	8	211
36117	6	2440
36118	4	1504
36119	6	16104
24900	0	36120
36121	6	31472
21102	0	36122
36123	6	6880
36124	6	5290
36125	6	15673
36126	6	546
36127	12	13021
36128	6	5510
36129	6	7155
1720	18	36130
16480	0	36131
36132	4	225
17751	6	36133
36134	6	21168
7299	2	36135
6805	0	36136
36137	6	13240
36138	0	20782
17988	0	36139
11549	0	36140
36141	6	11186
36142	6	10966
27814	6	36143
36144	6	495
36145	2	36029
30882	6	36146
36147	0	36148
36149	6	3447
36150	6	10064
36151	6	28925
36152	6	1746
36153	6	15684
36154	6	633
21221	12	36155
36156	2	7597
36157	6	24878
36158	6	5910
36159	6	4186
21816	0	36160
36161	6	10707
36162	6	19354
36163	6	33881
21119	0	36164
36165	6	5362
36166	6	31604
495	2	36167
28116	6	36168
11938	0	36169
36170	0	36171
36172	2	36173
36174	6	2560
36175	6	28086
36176	0	7684
36177	6	4934
712	18	36178
36179	6	15484
36180	4	4447
36181	6	22469
36182	6	12762
36183	6	1759
36184	12	25241
36185	6	18231
36186	2	3624
36187	6	19876
36188	2	26776
36189	6	255
15873	12	36190
36191	6	2380
36192	8	3664
36193	2	12260
36194	6	18062
36195	4	851
25838	0	36196
36197	6	2646
36198	6	3710
36199	6	30708
36200	6	7916
28382	0	36201
36202	6	3313
36203	2	686
36204	6	9403
36205	8	2425
32606	0	36206
770	0	36207
26571	0	36208
36209	6	24965
26911	6	36210
36211	6	12731
26032	0	36212
2202	0	36213
2036	12	36214
5490	16	36215
36216	6	36217
36218	6	503
36219	6	6656
36220	4	2941
36221	6	2335
36222	2	2235
8452	2	36223
36224	6	28046
36225	2	1262
36226	6	36227
36228	6	28966
36229	2	21573
15458	12	36230
22944	2	36231
10913	0	36232
36233	6	67
36234	6	698
36235	6	5456
36236	6	7424
36237	6	3784
36238	6	27624
32780	12	36239
36240	8	22632
36241	6	3722
20186	0	36242
11137	0	36243
3095	0	36244
36245	6	36246
36247	6	6928
16253	0	36248
36249	8	211
36250	6	31906
19971	0	36251
36252	2	9498
13305	0	36253
36254	6	1388
36255	6	10966
36256	6	18325
36257	8	3607
36258	6	14716
5041	2	36259
36260	6	2176
36261	6	10059
36262	6	2452
36263	6	16104
36264	6	27429
36265	6	7979
36266	6	7457
36267	6	6221
36268	2	24998
36269	2	14263
36270	6	2484
36271	6	5011
36272	6	1996
36273	6	29984
15872	0	36274
13486	6	36275
15365	0	36276
27578	0	36277
36278	6	6
36279	6	1181
18450	0	36280
618	12	36281
24193	12	36282
36283	4	225
36284	6	13848
36285	6	6507
36286	2	18844
25354	6	36287
36288	6	20643
36289	6	27055
14509	2	36290
36291	6	2987
36292	2	36293
36294	6	4658
12108	12	36295
36296	6	1214
36297	6	27058
36298	4	29296
36299	6	1775
7225	0	36300
36301	6	3434
36302	6	13539
36303	6	504
36304	6	1842
36305	6	7463
33031	6	36306
36307	8	1053
36308	6	5970
36309	6	3031
36310	6	6467
36311	6	19037
36312	6	36313
36314	6	3816
36315	6	36316
36317	6	17226
36318	6	25650
36319	6	655
36320	6	1561
36321	0	30454
36322	6	2262
36323	8	5864
36324	6	41
36325	12	36326
36327	6	23160
36328	6	4819
36329	8	6742
36330	6	15673
36331	10	36332
22696	0	36333
36334	6	23039
36335	6	5586
36336	6	1424
36337	2	25179
36338	6	7704
36339	8	1221
36340	6	35974
36341	8	211
20168	2	36342
35270	6	36343
36344	2	8733
36345	6	1330
36346	6	6014
7075	6	36347
25029	2	36348
36349	6	33570
28081	12	36350
36351	6	3703
36352	6	35053
36353	6	26036
770	0	36354
36355	6	10627
26809	6	36356
36357	6	34532
36358	6	3499
28173	2	36359
36360	6	5587
36361	6	1577
36362	6	26024
27578	0	36363
36364	6	3485
36365	6	6333
36366	6	4658
36367	6	3966
36368	2	10421
36369	12	27807
36370	6	21862
290	0	36371
36372	6	2900
36373	2	9441
36374	6	1988
36375	6	2742
36376	6	19538
36377	2	25227
36378	6	5618
36379	6	19982
36380	2	8085
36381	6	1181
36382	6	6954
36383	6	19208
8464	10	36384
36385	6	18935
36386	8	211
3107	6	36387
36388	6	3183
36389	6	900
36390	6	1730
36391	6	25851
36392	6	5487
36393	6	8964
36394	6	8430
36395	6	23095
36396	8	1221
36397	6	5070
36398	8	4113
36399	6	9158
36400	6	13711
36401	6	5048
36402	8	19461
25216	0	36403
36404	6	9321
36405	6	2788
19259	0	36406
21508	2	36407
36408	6	9043
22323	6	36409
176	14	36410
30700	0	36411
33754	6	36412
9746	12	36413
36414	6	1921
4636	2	36415
6122	12	36416
36417	6	36418
36419	4	2247
2918	2	36420
14391	0	36421
36422	6	621
36423	2	609
36424	6	36425
9007	0	36426
2733	18	36427
36428	6	36429
36430	2	2980
36206	0	36431
5513	0	36432
36433	8	7176
36434	6	23081
36435	6	633
33113	0	36436
36437	8	2425
36438	6	2487
36439	6	4317
36440	6	26573
36441	8	35658
36442	6	2452
246	10	36443
36444	6	36266
15881	2	36445
32457	10	36446
36447	8	5450
36448	6	3295
36449	6	777
36450	6	1590
36451	6	2531
36452	12	7434
36453	6	18214
36454	6	905
36455	6	14925
36456	8	20753
36457	4	22124
20023	0	36458
36459	6	353
22801	0	36460
22693	6	36461
36462	6	17157
36463	6	3872
36464	6	1138
36465	6	4893
36466	6	795
36467	6	12841
36468	4	9610
4597	12	36469
36470	6	5226
36471	6	12179
36472	8	1367
36473	6	528
36474	6	3906
36475	6	655
21372	2	36476
36477	6	462
36478	6	7310
36479	0	34795
36480	6	21183
25223	12	36481
36482	2	1827
36483	6	12419
36484	4	225
36485	6	8686
36486	6	67
36487	8	7449
15606	0	36488
7370	2	36489
36490	6	3089
428	14	36491
36492	6	7457
36493	6	24382
36494	6	1577
8709	0	36495
36496	6	30266
33987	0	36497
36498	8	8339
36499	10	9015
36500	6	20503
17246	12	36501
36502	6	1202
24889	6	36503
2733	18	36504
36505	2	16646
36506	4	2247
36507	8	211
36508	6	20996
36509	6	24871
36510	6	22621
36511	6	13075
7150	0	36512
8524	2	36513
36514	6	8912
36515	6	24290
36516	8	211
36517	6	1109
36518	6	89
36519	2	12106
36520	8	1053
36521	6	16699
33465	2	36522
36523	2	36524
36525	6	36526
36527	6	2987
36528	4	5104
36529	4	3200
36530	6	2906
36531	8	12291
11562	0	36532
36533	6	3999
36534	12	29841
36535	6	36536
6437	12	36537
36538	6	7141
10444	0	36539
36540	6	655
36541	6	24918
36542	6	335
36543	6	495
36544	6	698
36545	8	6136
36546	6	7762
36547	6	12318
29495	2	36548
36549	6	25331
36550	6	2952
36551	6	5878
36552	6	26838
36553	6	1547
21158	0	36554
36555	6	423
36556	4	2485
36557	6	400
36558	6	24937
36559	6	495
36560	8	2425
28003	0	36561
36562	6	27572
36563	8	3331
10902	0	36564
36565	6	12650
36566	6	10860
36567	12	36568
36569	8	211
27758	2	36570
36571	6	7079
20199	0	36572
36573	4	6920
428	14	36574
36575	6	34337
6111	12	36576
36577	6	12964
36578	6	11139
29325	12	36579
36580	0	21445
36581	6	598
36582	6	16955
12269	0	36583
27384	0	36584
36585	6	10709
36586	8	21070
36587	6	421
36588	2	7380
36589	6	31077
36590	6	29033
13992	12	36591
36592	6	30071
36593	6	8616
428	14	36594
36595	0	1060
22754	12	36596
36597	4	3970
36598	6	495
36599	6	5970
36600	6	26739
36601	8	25189
36602	6	3485
36603	6	3499
9551	0	36604
36605	6	335
36606	6	1313
36607	6	1744
6622	12	36608
36609	2	2030
36610	2	27715
6622	12	36611
36612	6	15580
36613	8	1465
36614	6	255
36615	6	3885
36616	2	11564
36617	6	24801
36618	8	1465
7687	12	36619
4103	12	36620
5084	2	36621
36622	8	1082
30563	0	36623
13130	2	36624
36625	6	6042
36626	2	14600
3972	12	36627
36628	12	36629
36630	6	1527
23196	6	36631
36632	6	36246
36633	6	4380
36634	6	4820
36635	6	1708
36636	8	2359
1222	18	36637
7712	6	36638
36639	6	6656
36640	6	2452
36641	2	14293
36642	2	11156
36643	6	14353
36644	6	698
36645	6	9532
36646	6	1388
36647	6	24405
16511	8	36648
36649	6	33799
36650	6	30073
36651	6	12575
36652	8	1600
16212	0	36653
36654	8	1367
36655	6	5011
36656	6	20957
36657	6	4348
36658	6	7611
36659	6	9512
36660	6	2255
22191	6	36661
10802	2	36662
24306	12	36663
428	14	36664
36665	6	860
36666	4	6828
36667	6	28549
15866	2	36668
36669	6	17815
36670	6	1787
36671	0	26049
11002	12	36672
12699	12	36673
36674	2	23125
36675	8	8339
36676	6	27467
14110	6	36677
15252	12	36678
36679	6	8424
36680	2	4025
15438	6	36681
5042	0	36682
6153	12	36683
5614	6	36684
36685	6	1181
28290	12	36686
36687	6	36688
36689	2	22363
36690	6	698
21997	6	36691
36692	6	5876
35474	0	36693
36694	6	19661
36695	4	444
23025	0	36696
36697	6	20797
36698	6	5841
7802	12	36699
36700	6	11297
36701	6	8402
36702	8	22836
36703	6	19728
36704	6	6191
36705	6	466
36706	2	27253
12699	12	36707
36708	6	18389
23967	0	36709
4401	0	36710
36711	6	711
28167	6	36712
36713	6	8520
36714	6	711
36715	6	25975
32220	12	36716
2931	0	36717
36718	6	6634
36719	6	16274
23291	2	36720
36721	6	197
36722	6	14943
29274	2	36723
34476	14	36724
36725	2	2392
8210	2	36726
36727	2	5612
36728	6	1577
36729	8	211
22383	0	36730
36731	6	24416
36732	6	5757
36733	6	18512
36734	6	3637
8271	0	36735
36736	6	22929
36737	6	1181
14616	6	36738
10329	6	36739
8353	0	36740
36741	6	5994
36742	6	9332
36743	6	1988
35196	12	36744
36745	6	18667
36746	6	5062
36747	6	2812
3318	12	36748
36749	6	3207
36750	2	23160
5382	6	36751
36752	6	18126
32696	0	36753
36754	2	11357
36755	6	2910
36756	6	1750
36757	6	7070
36758	6	11629
36759	2	15756
36760	6	21754
36761	12	33726
35058	12	36762
36763	6	28213
36764	6	14347
34583	6	36765
36766	6	8974
739	0	36767
17624	10	36768
36769	4	702
36770	2	7265
36771	2	36772
36773	6	4287
23687	12	36774
35541	12	36775
36776	6	548
28348	0	36777
36778	8	6297
36779	4	225
36780	6	3205
36781	6	19547
36782	6	2456
36783	4	1441
36784	6	8751
36785	6	19326
36786	6	7414
211	12	36787
30105	0	36788
36789	6	1527
36790	6	10349
36791	6	9445
36792	6	3423
36793	6	353
36794	6	17182
26400	0	36795
36796	6	4613
36797	6	36798
36799	2	33245
36800	6	11298
26192	0	36801
36802	6	279
36803	6	335
36804	10	3077
36805	6	4226
36806	6	10024
36807	6	13473
36808	2	19993
36809	6	246
366	14	36810
36811	6	1988
36812	6	17817
36813	6	922
36814	6	518
36815	6	5120
36816	6	6681
2903	0	36817
36818	6	32742
36819	2	10065
34186	6	36820
36821	6	12146
36822	2	22517
36823	2	8273
36824	6	5852
36825	6	36826
12550	6	36827
36828	8	13250
36829	6	3757
36830	6	24066
36831	6	15736
36832	6	24656
36833	6	7424
36834	6	1782
36835	6	589
36836	6	34852
36837	6	28721
36838	4	851
36839	2	10860
36840	0	33134
3089	12	36841
36842	6	2966
36843	6	7202
36844	6	13957
36845	6	3962
36846	4	1240
36847	2	4674
32779	6	10703
32787	6	30028
32955	6	2431
32884	4	225
32839	6	4186
32789	12	10442
32878	2	22402
32975	6	2316
32951	2	12218
33152	6	6597
32755	6	1617
22517	2	33023
32890	6	17150
32899	6	495
688	12	32856
33233	0	4141
32778	6	1061
20136	12	33063
1479	2	33090
3065	2	33401
33243	2	20457
217	2	33299
9606	12	33489
27422	0	32909
33114	6	16306
28834	6	32882
16870	2	33298
33308	8	22632
3971	2	33449
33242	2	23039
1382	2	33514
15524	0	32891
33596	2	6784
12576	2	33501
5468	2	33507
33091	6	462
14271	0	33358
33098	6	8239
33583	6	353
15181	2	33415
33405	8	3607
23854	6	33043
33451	2	8519
901	0	33119
11204	0	32812
12218	2	32951
33486	0	30937
32842	6	18935
33694	2	33693
25711	12	33312
33340	2	11978
32871	4	24007
32991	0	15252
33402	6	18973
32963	6	32398
32935	6	7244
16495	4	33558
33196	0	23792
33805	2	31113
33404	2	30156
33596	6	12487
33782	6	7304
33733	6	2649
33563	2	8363
33355	8	135
20359	4	33558
32916	6	2015
32977	6	5691
1387	2	33895
33845	2	24330
33769	6	10694
166	0	33110
32988	6	10286
33420	6	15867
32976	6	731
33899	6	9719
20901	2	33189
14537	6	33924
4354	2	33011
32344	2	33964
33208	6	20877
31590	0	33258
1635	0	33576
12315	6	33296
32845	2	13353
33075	6	536
1430	0	33723
29908	2	33863
33903	6	15716
33921	6	698
32477	6	33902
33162	0	22685
33892	6	3564
33023	2	22517
34109	2	25807
17996	12	34039
28532	2	33166
33696	6	1775
33194	2	30137
33964	6	33199
33001	6	12428
5672	0	33689
33453	2	17088
34086	2	26209
32786	6	8784
2204	16	33458
32888	6	864
33679	8	949
33751	6	26664
33804	6	8136
33127	6	4754
34150	6	3345
33199	2	24729
33193	6	7457
33226	2	26655
33778	6	9620
33952	2	27312
9234	12	34048
1169	6	33043
9845	0	33345
1203	12	33850
32986	6	27546
33895	2	1387
33477	2	27040
33795	6	7560
34183	8	2006
11437	0	33698
33594	12	28046
34048	6	28310
34184	2	11499
19226	2	33269
32981	2	1242
33894	6	1055
2863	0	32991
27588	2	32899
14428	12	33535
19751	2	32886
33848	2	9996
31220	6	34048
33440	6	11380
33414	6	9385
33263	2	9667
33458	6	21479
2770	12	33610
33431	2	1706
33479	6	3855
1578	6	33668
9066	0	33641
7295	0	32883
291	0	34199
2518	2	33599
17060	2	33040
34098	6	2228
2018	2	34326
32952	6	9317
32855	6	3207
10871	0	34377
33092	6	6656
4990	12	33683
33455	6	19383
12148	0	33175
3615	2	33537
5917	2	33189
32780	12	8548
33915	6	1983
33425	6	18643
32935	2	32934
30130	6	33601
33352	12	32923
32939	6	17252
191	2	34176
32966	6	1775
13537	0	33878
2419	12	32870
32766	0	2439
34510	2	20921
34488	6	16028
33873	6	6129
34563	6	13946
33230	2	8067
4744	6	33881
33219	6	10916
34092	6	423
1539	12	32985
33588	6	2966
25664	0	34500
11312	2	33558
33712	6	9575
34163	6	4186
33462	2	21574
8806	2	33642
34066	4	6819
32166	2	33073
15064	6	32800
33170	8	135
1759	2	33021
34264	4	225
30956	6	33299
29714	12	34306
33458	2	33457
34339	6	698
2244	2	33462
4650	2	32889
9996	2	33848
22103	6	33521
33996	2	33995
5395	2	33106
33649	6	9165
16070	2	34215
5035	0	34364
5805	2	32875
3717	2	33076
34351	2	1780
33593	0	33515
20457	2	33243
27882	6	34531
34254	6	23080
33535	8	1053
34457	2	2957
21044	6	34289
34776	6	9836
33602	0	18309
428	14	32769
5741	0	33994
590	2	32807
24146	0	33862
12699	12	34330
12279	12	34769
33018	2	11184
34382	6	5616
32938	6	6808
3045	0	33880
34207	6	7534
10469	6	33362
712	18	33459
1179	12	33898
33810	2	91
33304	2	3244
19685	0	34325
9437	12	34703
14554	2	34237
23106	6	33908
33561	6	9102
33987	6	1165
33168	2	12065
2274	2	33488
27375	6	34236
30992	2	34782
34445	6	2962
21132	2	34455
166	0	34359
34869	6	25133
30007	6	33524
33173	6	14039
34572	6	15012
2419	12	33854
33659	6	1463
25325	2	33569
27924	6	33103
33043	2	32719
34148	2	4079
15148	2	33662
34215	2	16070
34243	6	3525
33143	2	2276
33197	6	30828
33417	6	23007
33256	6	7255
32847	6	5460
34644	6	423
33015	0	30974
34755	6	10761
28456	6	33782
11011	2	34090
205	6	33064
31132	6	33145
35075	6	16982
34553	8	8057
1438	0	32997
19461	6	33561
34022	6	26327
14789	2	33259
33797	6	16368
2879	2	34049
33356	6	8704
33969	6	21611
34909	6	2316
23409	6	33902
34461	2	27593
33235	2	17136
33930	6	9153
31634	2	33380
33186	8	17800
34295	6	462
33880	6	423
108	0	34369
33296	6	24807
34104	6	1167
34478	6	3861
18198	2	33626
33076	2	3717
33902	6	1750
33973	6	4314
30274	2	33512
34060	0	27462
33883	8	1628
1006	0	34410
33375	6	1030
33449	2	3971
17646	2	34143
34138	6	25677
33457	2	28189
26788	6	33415
1214	12	34187
33215	6	625
34980	6	411
33008	6	3207
2266	2	33126
33752	4	9414
10437	6	34882
4178	12	33275
7683	2	34743
34393	6	411
11269	0	34232
1222	18	33942
35003	8	211
15309	6	33663
10520	2	34453
34606	6	9896
33690	6	16104
32879	6	2587
33156	6	3067
35056	2	6053
34252	6	16756
31202	0	34478
33330	0	27218
9612	2	33959
12472	4	34815
33071	2	29164
4010	0	33906
34958	2	1003
33148	2	16080
33383	6	255
34341	6	32545
33282	6	9039
33181	6	10936
16980	2	34320
2627	0	33531
35157	6	5027
17088	2	33453
34842	6	2354
34413	6	21090
33743	6	7070
5076	2	34927
12586	2	35135
33803	6	17502
34077	4	13906
34022	2	4305
34005	6	16003
33462	6	2788
5687	2	33382
15360	6	34400
34022	2	5023
34522	2	34521
10984	2	33062
34734	2	14218
1713	2	32889
1506	2	34455
33870	0	17217
32869	6	19939
34075	2	9830
1642	0	33003
34798	12	27736
3885	2	32951
33953	6	2051
11731	2	33538
33408	6	645
15435	6	33521
7607	2	32782
33661	6	14771
32960	4	22124
4758	6	35317
34246	6	7274
34927	6	14492
33991	6	11218
34880	6	17143
33248	6	660
35317	4	158
23703	0	34730
5739	2	34240
33472	6	7753
712	18	34433
32877	6	10500
33351	2	6836
34564	8	4975
34623	8	14501
34958	6	18614
4464	2	33230
33183	6	4124
34782	6	6634
15387	6	34221
33991	2	33990
34237	2	14554
33189	2	20901
35448	6	17399
33596	2	4326
33361	6	12141
35053	6	14813
33069	2	32000
32767	2	29064
8539	2	35393
32757	10	11500
32777	2	30951
33346	6	14647
764	12	32905
2236	2	35245
33121	0	24533
28087	12	35181
32893	6	8700
33861	12	4630
33259	2	1584
35499	6	3722
1720	18	35273
33082	2	8068
35515	2	2413
34792	6	18355
32852	6	353
34558	8	11193
7099	2	34057
35536	4	1441
20365	2	34773
33087	6	7729
32216	2	33832
34329	6	2535
34040	6	462
33447	6	19232
13080	12	35011
32850	6	9951
8110	0	33008
33920	6	20642
33538	2	11731
8088	2	33198
34633	4	225
22437	2	33365
10444	0	34584
33762	6	27228
20590	2	32925
3085	0	32854
25653	2	32900
34484	6	3861
33754	4	1565
29856	2	34853
22680	2	34819
35499	0	33998
33241	6	8102
26227	2	35099
32784	4	3532
34017	8	211
27399	2	35463
15515	12	35328
34105	12	30890
1291	0	35084
26257	2	34758
13019	12	33789
33522	4	1441
34103	0	32722
34225	8	991
13711	2	34675
35650	2	3933
22592	6	32776
4455	2	34908
33616	6	10279
33848	6	30588
33406	6	2754
33042	2	8405
3244	2	33304
33853	2	1989
16399	0	33896
35586	4	23767
33861	6	5633
33782	12	19573
33717	8	4999
7599	2	35434
34414	8	211
32937	8	17028
3508	0	33329
34783	8	3607
16778	6	32813
33361	2	15053
35396	8	8681
35485	6	18050
34669	6	31057
8525	6	34094
12035	2	34099
34912	6	698
35431	6	1988
34589	2	18171
34130	6	11908
34887	6	353
33478	2	9495
33377	2	2259
35132	6	1524
33889	2	4533
33705	2	33704
35494	6	1407
33298	2	22861
33062	2	10984
33046	6	554
18062	6	33561
34448	2	11285
33074	6	3872
3407	6	35030
34407	6	5752
10815	2	33313
34394	8	22412
33083	6	17308
6313	12	34981
34481	8	1681
35715	2	1969
34934	4	22124
33319	6	22851
430	2	32953
30156	2	33404
12295	2	34722
35778	6	31097
6437	12	34381
34366	6	11707
8950	2	35129
33298	6	15505
20994	12	34212
4401	0	34019
8087	6	35313
9726	12	33236
428	14	35315
35684	2	33586
34352	2	12354
15366	0	33891
34846	6	7638
12706	6	34094
13226	2	35207
26885	2	35692
32950	6	34062
35662	6	13808
32854	6	4226
32940	6	17793
35759	6	423
34190	6	1325
35849	6	3906
35477	6	18120
35469	2	4376
1270	2	33632
33974	6	851
11677	0	33955
33802	6	6277
35255	6	13090
33555	8	8057
32813	2	7143
35527	2	13883
29702	12	35859
35517	2	24781
35351	2	6569
3098	0	35525
34296	2	23399
34481	12	28276
34384	4	1298
33959	2	9612
35931	6	5984
34910	6	22120
34616	6	5023
34411	2	14171
35547	6	21003
32900	6	3925
35645	2	17904
34776	2	34681
33798	2	33797
2259	2	33377
33960	8	211
34608	6	24068
12218	0	32951
33197	2	16852
7493	0	35688
34630	6	10590
34188	6	28826
34318	2	30122
35695	0	34973
33135	6	3207
2139	0	33196
33422	6	963
34154	6	20727
6122	12	34767
32533	6	35144
14336	14	35630
34375	6	7706
34084	2	9649
2003	12	33809
32979	6	24169
35610	6	11101
32791	2	20156
33362	2	22555
11027	12	32820
29265	0	32814
10922	14	35197
33354	6	411
35135	6	19360
34289	6	14565
34241	6	3183
35494	0	27190
11957	0	34220
34862	2	10427
33132	6	18782
35652	2	5141
33607	6	3945
19912	6	36023
35092	6	1775
10911	6	33378
33619	6	7979
33917	6	5238
35238	6	35804
16891	0	33496
35085	2	16200
11867	6	35120
13509	6	35371
35097	6	33695
9649	2	34084
33411	2	21976
34489	6	1567
35988	0	32598
36026	6	423
34377	0	29374
35854	6	2252
35851	6	8742
428	14	34316
688	12	33706
35254	6	8066
27731	12	33260
34933	8	211
34592	6	13850
34839	4	2971
35802	6	11707
33577	6	89
1768	0	34677
34351	6	2594
28042	6	35148
35361	6	187
34868	4	499
9403	12	35184
34290	2	28907
13359	2	33708
34255	6	1654
29522	6	35324
32914	6	5102
34935	2	12762
1650	0	35018
4987	2	34073
36034	4	5809
21183	6	33605
34765	6	4290
7416	2	33910
35543	2	2666
34752	2	12751
36136	6	353
34041	2	34824
34708	6	495
9545	6	34453
36147	6	10059
36048	6	11904
33658	2	182
35506	4	6293
11293	12	34885
33579	6	1819
21847	0	34100
36135	6	7544
35129	2	4442
34349	6	14813
35437	8	1547
35692	2	20407
15307	12	33188
166	0	35293
25522	2	33656
13927	6	34986
33626	6	289
35399	0	5391
33411	6	10596
27312	2	33952
32903	4	1144
901	0	35841
33277	6	20667
1478	2	34184
26125	12	34956
34208	8	4791
35444	8	33560
34336	2	30046
34481	2	18992
35437	8	1367
11905	2	35132
33783	4	25940
33010	6	17238
34661	6	2572
34728	6	7706
34079	10	6611
34810	0	35260
4631	2	33617
33772	6	126
15626	10	32895
35952	8	3607
34179	6	16406
36173	2	36172
11170	2	33187
33345	6	353
428	14	35708
35175	6	14816
35623	2	11515
34920	4	15668
33153	6	246
9160	6	33587
34429	6	12095
34265	2	107
35884	6	22531
35732	6	2354
34748	6	7648
32943	6	7979
15554	0	33700
36098	2	1460
30373	0	34792
35445	6	2743
5364	0	33118
34824	2	7692
3136	0	35494
35938	6	1577
12469	6	36284
35286	4	702
1709	2	33591
34465	6	6634
11875	0	35554
33654	4	225
34020	6	598
34468	8	3607
33970	6	698
34432	2	25961
33323	6	411
33703	6	6295
16287	0	35419
33423	2	33422
14155	12	33244
33729	2	29095
34737	6	3681
35779	6	423
32218	6	35706
36300	6	23868
35709	6	3574
33671	2	9726
34715	8	311
7883	2	34672
292	14	33547
35413	6	238
35398	6	5618
34521	6	1625
35761	2	19455
2061	2	35843
34753	6	2395
33324	0	26735
19333	6	33156
34251	0	31196
33479	0	25379
5091	6	34750
2326	10	34605
4125	6	35200
35704	6	7575
33230	2	4464
1460	2	36098
35790	2	4200
16071	10	33818
21545	12	35511
20982	0	36095
17295	0	35689
34538	6	255
29884	6	34855
36253	6	4004
32868	16	19054
33760	6	31460
13261	6	34268
428	14	35651
282	10	33039
24781	2	35517
35750	6	11580
35387	6	12845
10152	6	33182
36101	0	18425
35191	6	411
14847	0	35670
6881	0	34033
32836	4	225
19852	0	35334
15722	2	32888
36058	6	11897
12024	2	35732
34759	6	28567
12917	12	33002
32875	2	5805
36113	6	20456
34077	6	7591
36380	6	2012
9734	6	33054
35496	6	32371
35711	6	14113
36056	2	11079
33553	6	353
35119	6	255
32767	6	1585
33660	0	22690
17326	10	34294
35391	6	917
33781	6	1916
33570	4	6763
34994	6	23163
1418	2	33068
28941	0	35237
35201	8	135
35520	8	211
33860	6	4177
19271	2	33364
32896	0	20193
34944	6	2467
35951	6	14918
8705	2	33856
35969	8	2006
35563	6	14912
35082	12	32261
33979	2	34874
33984	6	8839
7259	0	34568
14412	0	35325
36172	6	21408
34284	2	11377
35163	6	29486
33495	8	211
5829	0	35990
33071	6	2905
34699	6	13829
34892	6	627
32463	6	34279
6422	0	34683
29339	10	34822
28713	0	34464
31204	2	34151
36027	8	211
35921	6	176
34868	8	691
34896	6	22467
33362	6	29292
34732	6	423
35590	6	4145
33657	2	12518
34064	0	23297
15354	2	33413
33042	6	3503
32316	6	35769
34684	6	1300
1465	12	34166
33765	6	655
32901	6	2900
2639	0	33554
34650	2	25065
32926	6	353
35421	6	3855
34310	6	1477
35180	6	6682
33051	6	655
36416	8	211
33821	2	19523
14530	12	32992
31659	2	33107
33950	0	24699
32772	6	33832
33332	6	625
33847	2	9477
15272	2	35110
33793	0	36314
7086	6	33832
9481	14	32849
35151	4	158
34687	6	5237
34940	6	335
3850	12	33541
35340	2	27226
33211	2	2827
35227	6	20003
5949	2	34699
22188	0	34076
3084	0	33921
34319	6	9685
1262	2	36225
4362	0	35399
11312	2	34844
35656	6	33753
35549	2	27477
33545	8	1221
36003	6	13342
35753	6	1109
35218	4	225
7508	2	34301
35258	2	236
35004	2	13637
34242	6	1435
19555	12	35582
33177	6	13459
436	0	33814
17319	2	33200
18545	0	34800
35891	2	3268
32900	2	25653
34588	6	5660
32931	8	34150
1989	2	33853
36576	6	6954
35402	6	1232
33413	2	15354
36230	6	17915
12974	12	32979
35562	2	16361
30597	12	35707
33549	12	30471
35243	0	4074
4417	2	33181
25914	6	35872
35099	2	26227
6401	2	34324
6009	12	32780
34011	0	8813
32770	6	3268
12106	2	36519
36106	8	33348
7416	6	33030
17196	2	34247
35220	2	22922
33165	6	2496
6622	14	33868
35890	6	1181
33074	2	33073
36642	2	11155
18165	6	35563
36462	2	11345
36065	4	5855
35282	2	10033
12591	6	35920
35845	6	5426
11772	0	33685
23808	2	34280
34948	6	421
23125	2	36674
712	18	36265
26776	2	36188
16891	0	34297
11982	0	33113
34002	6	4177
33418	2	33417
34611	6	13738
33297	2	358
35388	6	25966
33591	2	1709
33979	6	3834
36608	8	211
2201	2	35784
36604	6	15906
7144	12	35987
34937	6	655
33737	2	33736
36744	8	991
16964	2	34357
34407	2	34699
34705	6	8387
32954	2	22062
17812	2	35365
34968	6	2247
36302	12	15873
35010	6	1801
36409	6	495
32952	2	5398
25144	2	34117
34703	12	13862
27530	12	35559
34386	6	12733
10012	12	33240
36513	6	2491
34570	6	23312
34307	6	25723
35948	6	8756
35341	6	10399
10058	0	34742
35129	6	22281
35806	2	1062
21862	6	33143
30171	6	34531
33188	6	19644
27715	2	36610
1291	0	35008
36503	2	24672
34236	6	3726
32831	6	10556
33404	6	833
34969	6	18981
3624	2	36186
33884	6	255
33901	6	28477
23263	2	34045
34879	0	31320
33455	2	33454
36826	6	7021
33316	8	211
35564	2	35563
36214	8	211
35032	2	30423
1720	18	34459
20386	0	32848
29959	0	35934
32927	6	1116
35626	6	20336
34063	6	421
8490	2	34098
33101	6	18660
11900	10	33821
36156	6	20260
1677	2	34661
20701	6	36825
34026	6	36175
33373	6	3380
25136	0	32958
34090	6	10401
20368	10	34971
19435	2	32796
34648	6	31195
12220	6	36009
36621	2	5084
29280	6	36365
36554	6	4290
36333	6	4819
32946	2	32968
20251	12	36480
14229	2	33494
32861	6	2380
36710	6	698
35783	6	1502
1997	12	36404
35202	2	22526
2753	12	34031
34588	4	1466
428	14	36821
34109	6	12053
33072	6	11434
5984	12	35314
34133	6	8239
36113	2	10020
31304	0	36586
33597	12	3825
34905	6	1502
35295	6	840
28941	0	33394
2747	2	34570
33558	6	1269
36122	6	353
8839	6	36041
31129	2	35502
33390	6	14723
33108	6	5142
34226	2	9573
35755	6	24549
1209	2	33988
36108	6	22606
34062	6	10264
6226	0	32942
35020	2	10707
33604	4	851
33055	6	12650
35085	6	6999
32864	0	32217
9511	2	33402
34014	2	34013
9606	0	35218
34743	2	7683
14596	2	34105
6610	2	33703
33107	6	11739
7110	2	33674
23106	2	35667
32790	8	4207
15240	0	34056
35592	10	26690
30334	8	36029
35406	6	1410
17102	12	35703
16368	2	35589
34379	6	11224
33736	6	20140
22517	2	34119
33825	6	9403
14044	10	35355
13697	0	34167
35243	0	4075
9481	14	35634
11493	12	35235
36280	6	19547
21152	0	34299
28355	12	35693
33084	2	5981
33060	8	29321
7820	2	35080
3241	12	36142
6602	2	36250
35297	6	12821
5153	2	33143
35180	2	3113
34441	6	13580
20324	12	34625
33454	6	21646
319	2	33201
32791	6	11584
31347	6	35628
34576	2	9390
36436	6	14030
36089	6	18825
33141	6	26538
24170	2	34552
33710	6	17239
35391	2	23638
13792	6	33558
34816	2	9812
33220	2	1506
35127	6	6512
16059	0	34952
428	14	33967
33533	4	12603
24933	12	36341
33599	6	35782
34051	6	14827
34343	6	3564
2752	10	33039
34317	6	7070
7144	14	33275
13080	12	36507
34106	2	2741
34125	6	20699
34607	6	26015
4316	0	34911
35594	2	12938
20200	0	35720
2733	18	33981
35100	6	23706
32982	6	655
6137	2	34759
35823	6	12985
33116	12	8541
34908	2	4455
34769	12	22196
33120	2	19070
35501	6	1603
19682	6	36010
21297	12	36055
34138	2	34137
33173	2	1847
30264	2	35632
34278	2	3288
36036	6	21003
34310	2	24499
35532	2	31208
36847	6	7016
453	2	33421
292	14	35010
8339	2	35001
33574	6	8888
32908	8	7116
34539	6	3225
12349	6	33750
34996	8	211
32093	12	36715
36359	6	10567
33036	6	1840
34589	6	9439
23233	6	35566
34298	6	28978
34710	6	411
33145	4	702
36631	6	9599
28193	12	33623
35168	6	3608
15764	2	33991
1782	12	35087
35526	6	411
6656	2	33140
34918	6	30507
34939	0	16908
13844	6	34263
3441	6	35564
15136	2	35884
36302	12	32558
4826	0	36072
12370	6	34320
33975	2	27307
33041	6	979
21049	0	35372
36529	4	20075
35013	6	25799
34665	2	30744
35959	2	15429
2733	18	34577
34424	0	22715
19822	6	34882
35700	6	5618
15463	0	34002
34696	6	1950
32949	0	28426
33550	2	6673
35894	8	211
33669	2	2421
36238	4	2560
36386	8	135
34046	6	5885
22526	2	35202
36155	6	24286
2316	2	36550
19280	2	34998
32895	16	8760
34971	2	31773
29745	2	35740
3537	6	35588
30965	6	32851
35442	6	16485
35598	6	411
35864	2	5799
1928	6	36123
20914	0	34614
33927	2	6854
31890	0	34591
14897	0	33125
19201	14	36402
18057	2	34125
33665	6	4088
34452	2	26389
34523	6	18813
34991	6	1747
33030	6	3999
35284	6	1842
35207	2	13226
2078	2	35504
17128	6	35189
36827	6	12143
34963	6	1775
33108	12	23474
36777	6	19886
33704	6	769
23668	0	35863
34929	6	8415
35004	2	10841
33857	2	3823
34102	8	1221
32760	2	9981
1235	10	33821
35953	2	8451
35385	6	1988
15629	6	34554
33719	6	14408
3840	12	33610
20111	12	34031
35950	6	731
34389	6	17222
33934	6	24965
12098	16	32932
33034	12	4679
13512	0	34898
34180	6	3855
34519	8	211
35734	4	922
182	2	36264
34112	4	6254
36768	10	17624
33988	6	22097
36506	6	528
818	2	33001
2714	0	33215
34067	2	5827
34852	12	9217
35151	6	18275
36653	6	1775
34667	6	22120
36840	6	731
35239	6	3855
532	2	33069
4217	2	34337
35819	6	159
6585	2	33434
36801	6	2772
35086	2	34151
34572	2	34571
36846	6	2354
3253	12	35719
7386	0	33839
35683	2	30588
36568	6	25173
12867	0	35033
12919	2	35814
35135	2	4787
281	6	34168
33907	8	13529
35275	0	3281
33047	6	353
32899	2	10592
33886	6	10036
428	14	35043
34853	8	12958
33469	6	411
35914	6	11752
35209	6	22580
34341	12	36073
35606	8	311
391	2	33498
17783	0	34262
34296	6	3195
34704	6	7679
31212	2	33930
33758	8	11652
20294	0	34738
34757	6	22817
14732	2	34759
14831	6	33673
35567	2	10025
34492	4	18887
9081	6	35505
10012	12	36778
36373	6	15801
36242	6	421
32887	6	335
33079	2	19583
33490	6	10878
33975	12	34580
36368	6	1050
27433	2	35352
19956	6	36832
34692	6	29122
33198	6	4770
35434	2	7599
31915	12	33757
34798	6	21787
35234	2	13707
17102	12	35835
14748	2	36660
36418	6	335
1364	2	35356
35980	6	33415
34141	6	795
30786	0	36096
18235	0	34172
34974	6	2444
33466	6	10564
19583	2	33079
35825	6	14677
36173	6	4614
35816	6	698
35452	2	5131
309	2	33431
32786	2	23506
36550	2	2316
34822	10	11222
16369	2	34550
6153	12	36702
34526	6	14550
35265	16	8509
36707	4	3503
32897	6	21572
33971	6	7092
34713	2	28403
33834	2	20144
36528	6	495
35831	6	12985
33939	12	33203
35207	2	28697
36169	6	4226
33434	6	7860
34265	6	6603
33588	12	15009
36683	8	211
14428	12	32983
2753	12	36047
34352	6	7575
34688	8	1681
26351	2	33403
4648	18	36211
34148	2	21709
33109	6	7526
9606	0	35607
34638	6	255
13453	12	36224
15985	2	32956
34485	8	135
36709	6	11707
1720	18	34802
36621	6	25749
29837	2	33269
34219	6	16966
35293	6	423
5816	2	35919
19533	6	34285
35269	0	11144
33883	2	12545
36118	6	2594
36695	6	2952
35698	6	32258
4254	2	35379
15833	2	35668
36184	6	811
33154	4	158
28189	2	33457
33613	6	6706
33419	4	4094
36411	6	13894
2542	6	35020
34816	6	12304
34378	6	4658
12762	2	34935
9630	12	34095
33510	0	32969
33736	4	158
32895	6	1772
29449	2	34754
33576	6	109
1740	2	33177
35850	20	357
22363	2	36689
34897	2	2539
34555	6	33048
33273	6	8616
12917	12	33405
33905	6	22029
35896	4	6819
1972	0	35725
36333	4	1240
34161	6	1181
35347	0	36741
36556	6	19751
24634	0	36099
34176	6	835
6054	2	32784
23767	12	35430
34650	2	22448
33508	2	18591
32649	2	36508
33645	8	2006
7107	2	34483
35854	4	851
35671	6	1190
8592	2	35463
25563	0	35741
33886	12	36174
34905	4	10945
33280	6	1165
33050	6	353
36650	2	13130
34242	4	1441
4973	0	33511
33295	2	28705
36083	6	14011
35960	8	2359
33236	4	6763
34593	2	15957
29022	0	33318
33328	6	27122
32799	0	34718
35881	2	13183
36611	8	1053
34028	6	3846
18780	0	34620
34069	2	19062
26617	6	33269
34135	6	731
33693	2	34236
33259	2	14789
26748	0	34725
24522	2	33114
32828	6	8678
33752	2	33751
7703	2	34851
36017	2	23902
34425	6	24770
182	2	33658
35743	6	1788
35560	6	24878
33653	6	5820
33512	6	14177
10025	2	35567
32768	6	353
34955	8	9522
7048	12	35826
5981	2	33084
2080	6	35790
3946	12	35433
32826	6	28479
35230	4	1565
34541	2	5876
32870	8	135
33547	8	691
34884	2	34883
33932	4	22257
760	2	34465
35379	2	4254
2091	2	33404
34794	6	21613
35947	6	2767
34442	6	21126
36588	6	31388
428	14	34941
9024	0	34624
35166	2	2399
33576	0	36518
34370	2	19805
34529	2	18018
33396	8	211
35956	6	1388
17613	2	34068
166	0	36555
33153	2	33152
4853	2	34292
35679	6	19664
7368	12	34594
34623	12	24576
32132	2	35842
34768	6	12913
3144	12	34192
20536	2	34362
636	0	33223
35732	2	35331
35073	8	3607
8282	12	35240
34507	4	499
3863	6	34792
33093	8	2425
5642	6	34453
35148	6	1577
35949	2	11182
5379	2	33117
35764	6	698
36567	6	6760
33756	6	28693
22902	0	36033
35024	6	24416
35087	6	17976
799	2	33617
33653	2	13706
33292	6	12601
36723	2	29274
24294	0	36328
33121	6	2015
21372	2	33046
36772	6	81
25502	0	33283
35303	6	12018
35746	6	421
712	18	34772
366	14	35169
35988	6	698
36574	6	367
35157	2	23558
2722	12	33286
34704	4	3466
33715	12	6535
33497	2	26206
16728	0	32829
36823	6	95
16997	12	35219
35817	6	14661
34087	6	4102
32844	6	3485
35744	6	1775
35479	2	15056
35961	6	554
1203	12	35410
32944	6	17325
34153	4	499
35658	6	832
34292	2	26632
33586	2	35684
36415	6	16206
34403	6	411
9209	12	34201
428	14	34559
36641	6	5560
31832	2	34598
33587	4	922
2471	2	33642
35045	6	11989
31806	0	33124
10905	10	35907
32808	6	6161
33909	2	25784
34852	12	35888
33071	2	24600
33148	6	5086
36148	6	3601
36082	6	3855
30996	6	35871
14237	12	33866
35381	6	625
2733	18	36187
10940	0	34470
34055	8	16468
31936	2	35262
33939	6	22314
35552	4	7460
36534	6	14108
34852	12	36428
35422	8	4113
33005	4	11357
31601	0	34474
35541	12	27927
10427	2	34862
15053	2	33361
107	2	34265
35980	4	11399
33117	2	5379
36052	10	24219
22686	0	35809
34107	6	10884
11951	10	34696
32956	6	3312
34452	6	35096
1009	12	35511
36629	6	26570
3987	2	32899
13995	2	36634
36354	6	731
35516	6	28446
33448	2	19334
33763	2	14000
34903	6	3777
901	0	32804
34009	6	2110
9934	0	34733
33943	2	599
34455	6	14661
33952	4	36798
34310	2	32175
12964	2	35766
19858	12	34702
33690	2	34848
20488	14	36724
18180	2	34302
7063	6	35638
33231	6	987
34645	4	225
1332	6	32906
16468	12	33781
34053	6	31823
9481	12	35941
35179	2	9001
18241	6	36679
34000	6	1219
35220	6	3350
13080	12	36116
36143	6	504
34191	6	731
33936	6	27627
18942	0	34680
34984	12	15526
35735	8	3153
35545	2	21517
35581	0	34300
1006	10	36499
35939	6	6737
35460	6	3445
35695	0	9302
36787	6	1567
35542	4	702
14742	12	34149
33705	6	3493
35425	6	2015
5204	16	33165
35851	2	25040
10425	6	34392
35161	6	5120
35822	4	702
35151	2	19382
35835	8	21125
33159	12	33102
25013	2	34882
5688	2	33128
34646	12	26654
