11997	0.0006267931437638787
7897	0.0
12136	0.005359674978446318
637	0.0
12747	7.663366202718138e-05
13783	3.280307121530223e-05
13246	0.0005117033158486679
12062	0.004794734992835945
6857	0.010252493120208534
1965	3.115684228845548e-06
9438	0.0016908267285759035
13223	9.14989051913084e-05
11893	0.004456295192653725
9944	3.373939967957251e-05
12878	2.8172859918541648e-06
13778	0.004683221191310342
12099	0.0009109175939777742
12508	0.13696115964314545
14370	1.2862908730158488e-05
12218	0.0028860550733372215
921	0.0009591296123917912
13083	0.03856607069405339
12036	0.00022515800446241008
7310	9.107172017193863e-07
13031	1.2598983388004495e-05
1250	0.01745607671478488
10861	0.0
1230	0.0016294056967352765
10591	0.0004479964183503611
13989	4.68750126285239e-08
14387	1.8895633608078383e-05
14388	3.859236293511313e-06
8341	2.014221088346774e-05
12074	0.00047128832228744667
2247	0.003931334616752659
14389	2.2424846160334848e-05
14390	1.8051519131588266e-06
13004	4.902429436866107e-05
178	4.47837240105113e-06
11387	0.020715799439713113
12755	0.00011093263678409442
13854	0.0019672518295641706
3305	0.0001704895133814418
14391	2.487876352984677e-06
12112	0.001318626852871868
10589	2.666160422223949e-05
13953	8.289153914238504e-08
8403	0.0
13733	0.003677215465084392
12355	7.963273821818337e-06
13934	3.329735737593613e-05
12807	0.0011210107213549376
1479	0.0001481521925099167
10039	0.00449235357437816
38	0.048665416478862855
10962	5.62282242741677e-05
369	0.010411605133499756
12158	0.06361355467174214
4981	0.0
10700	0.0004972185822371426
124	0.06707177409548803
12295	6.307837907785638e-06
14020	5.778967082191534e-06
10199	0.07901440843038823
1007	0.0
10271	3.267259841699566e-05
13351	0.004117480850396018
1961	0.032317561607505506
141	0.0015048390463056332
4635	0.0
14392	0.22583633030436798
429	0.00010373871257681591
13814	2.7410613475261862e-05
1067	3.323862713962463e-05
14382	1.3788314379497377e-05
12105	0.00037763769954374883
11042	3.8400025375647653e-05
10025	7.505996614280751e-05
13758	0.00207694097646714
11489	1.2001796236188959e-05
13880	3.61735147411049e-06
14393	0.005552526067669121
4836	2.0684559763302873e-05
13795	0.00026339496120705825
1068	0.0006729444244291814
13095	0.0001908108444217353
12876	3.5788403981139684e-06
14225	9.061853296855409e-06
12230	0.0065033975611451245
13782	2.140169543289829e-05
4181	1.5258220113457114e-05
7761	0.0007838801781080213
906	0.00040322069083935526
10923	0.0002638043814227413
12326	0.009127617581526592
12770	0.002485059124441967
6002	0.0
9209	0.00029349686312930725
299	0.0
13767	0.0065067315576480544
8693	0.002746020863988216
2482	6.075663452114231e-07
13312	0.0007219853920232462
10527	0.00711138883824941
10711	0.0
1205	0.0031346402192564955
933	0.0
14394	0.06111187115982197
2705	0.002030489554251378
13303	5.431509940432437e-05
5291	0.0
10218	3.6304097643501023e-06
7496	0.0
1518	1.124184461174466e-07
13908	1.0958866682659365e-05
14341	9.078256933811913e-05
14244	5.636629286297861e-05
14114	2.168794554937954e-05
3116	0.0003074238695744941
2324	0.021075238497881833
9779	0.0
10383	0.016507241005605806
7223	0.0
10559	0.002368136437031659
643	0.0011159440131987722
4428	0.028142655116719362
9562	0.00019835329226303692
14395	1.3607785474995217e-05
14396	2.7136350451591255e-05
14397	2.1311889055261852e-06
13750	0.0
391	0.0024453361487218415
5602	0.00012821738936793074
6600	0.004100995962870953
14398	1.7730632133306682e-05
14399	1.8104922758508165e-06
11587	0.0031784528829829975
14291	5.042165559412995e-06
14400	9.058681246817381e-07
13168	0.00023794367803191158
13962	0.00011784171177677112
7309	0.0006939552577538962
12565	6.872089306415127e-05
13761	0.0024286235830163865
11473	9.126632314767692e-07
11095	0.0052334230009328285
13184	0.0008374034807208559
6936	0.00029380515923586425
13862	0.002941371344182504
12738	3.520826923620016e-06
12891	0.0
13777	5.75700969151983e-05
1161	0.0
5917	0.0028499472985515873
10597	4.026634903307173e-07
14181	1.6719525120700406e-05
13870	2.95808811286186e-06
13827	0.0018259499139753974
4213	0.0
5832	5.155501173490717e-07
3925	0.00011444139268177366
1465	0.0
14008	3.3427625374831886e-05
13000	0.0008391144046188575
12302	1.4687049188200683e-05
10302	2.5932833118272336e-05
143	0.004495020123214986
6693	2.0684559763302873e-05
12840	0.0007203505135093614
12181	0.0026642721075123064
777	2.48456966631279e-08
8297	1.9672419561475266e-06
11870	0.00013179188056950194
14401	0.001678657317606602
67	0.0354465505178801
7929	6.254438706682318e-06
12701	0.0003575469655000471
8992	0.0
5969	0.0024439140588655385
13744	3.744694228808755e-06
13277	1.028899580789101e-05
12793	1.142966024715799e-06
13868	4.580330528384417e-05
14195	0.00041714302587264244
10153	0.039549900261092286
12392	0.0029916037481591646
2274	0.0
3898	0.0003207711221053512
14402	0.001942137409295235
12527	5.16448233268321e-06
13376	2.176331154176234e-05
14403	6.10844836076931e-06
14404	3.103457699561136e-06
4795	0.0009062760203321831
14405	0.0014899735086580494
12523	1.0943695144996907e-05
13620	1.269374648083986e-05
6909	0.0
11485	0.003228808266956541
9945	6.339638964795392e-05
12013	0.0008847919385223701
12454	0.007640122165451388
12700	0.000290730100491543
13927	9.009479751032047e-05
2653	0.0003625993265005916
14406	0.0018695343093088504
1244	0.00014783935203194505
13771	3.404830643049552e-06
13218	0.000589309635417455
12045	3.0704881343566246e-06
6683	5.474742918626165e-05
13860	0.00012201594714682588
10793	0.0
13172	3.876552679632724e-05
12728	0.004205797604313041
10108	0.0017621441247997307
12632	1.816104271666145e-05
13890	3.650424148211453e-05
6195	0.0
5371	6.730689216352321e-07
11399	0.0006112721892774096
11371	0.0005909595132967817
409	7.710286985673514e-05
9856	0.00021891757869717807
12235	9.903721311394655e-05
13835	0.0020463957172836213
4032	6.48535085828584e-06
11398	0.0031472127371699006
13786	9.361385796458374e-06
14333	1.5816315488474797e-05
6576	1.7334764818898196e-05
6223	0.00023790501434176246
11965	0.0008916667950156409
10488	0.0
14407	8.91086367255793e-06
153	0.0003888551160401336
1487	5.467108346642384e-06
10941	0.0016019030415394572
7417	3.483978258577592e-07
4334	0.0057151470679831255
13203	0.00047655016039590967
7500	0.0
928	1.0968362189786637e-05
11424	6.528342230700317e-06
5583	3.2852452888731264e-07
12501	2.2302202139976613e-05
9778	0.0
1246	0.0012816982204554908
14281	0.0
12231	0.0001062933800720498
14045	0.0009057730256199913
14408	0.0016361548112509016
7566	0.00012493333089769117
3362	1.0292533406667633e-06
13006	8.040004951328768e-05
14409	3.8254940203870135e-06
14410	3.093533782833171e-06
13282	2.297167922602627e-06
7677	1.3301202591149096e-06
9683	0.0005685414201349931
521	0.001135729871199393
12606	7.874441631553548e-06
3252	0.0
561	0.0008151566495881819
6659	0.0
11073	0.002260692696224955
14276	0.00030010104894026904
2115	0.0
1680	4.52349438054281e-05
13992	2.5681213794182255e-05
7361	0.0
5604	0.0
10625	0.0002732978740700859
13069	0.02511626809271181
13319	0.008475598802559827
9850	0.0
1470	2.670325232875092e-06
8129	0.013725442851116668
12505	0.08372180662912651
10289	0.0021976920764955926
13166	0.0010904818576902172
14411	1.6566221008337926e-05
14412	5.176139992056558e-07
9065	0.0
10801	0.0035134108307971097
4634	0.0
9898	0.004878492778337034
6022	0.0
10781	2.2804588852582958e-06
11431	4.271342304708583e-06
13840	0.0003496046571893531
12339	0.0002349451528352296
11638	0.0002313175326401563
10094	0.0005469019280832035
321	0.0
2380	0.0004076431535398829
5868	0.0
11207	0.0019718735413387194
5255	4.7526790665774456e-05
2798	0.061410320169577565
12567	3.759621878564908e-05
10911	1.6969630299581753e-05
8692	5.383634008863339e-05
453	8.586100370220869e-05
12534	0.00017579137813710955
11957	0.00012606091554585543
13849	2.2168180021574106e-05
12514	0.00014594918708612302
10624	0.0037081541204022268
13798	1.9704469296727984e-06
11529	8.849422892877706e-07
1299	0.0
9398	0.013692544227466954
3395	0.0
6950	0.004844981928614694
2263	0.04577303720357305
13444	7.107594108404503e-06
12316	1.9520983047530456e-05
12667	0.0011784043430557375
11230	0.0017903147840692335
11530	0.0
10684	0.0030885781331902373
13808	0.003850091519814296
10542	4.4299642957843516e-08
6917	0.010050229334825736
11580	3.5361027794970877e-05
9486	0.0003116383075315378
1880	0.00031329912386683596
7492	0.00319152877207028
7123	8.371140428851496e-07
1631	0.0
3014	0.00034506375569164695
8906	1.3426055229433353e-06
4231	0.00971186474960286
184	0.03329339402178434
3060	0.0
14071	0.03009994794884752
10971	5.759275979528354e-07
447	2.8524871380650346e-07
11220	0.0009337036094447305
1001	0.0
11309	3.7852773491212117e-05
13904	1.9609072709004427e-05
12829	0.00027019410586547456
3227	4.311269822665203e-06
10961	1.5235603237276287e-06
10063	0.0010381279977849363
4722	9.767170558164828e-05
5310	0.0
1215	0.00045012388896061055
4808	0.000537504334791859
11631	1.9752869705758128e-05
13600	2.369976155304601e-05
13802	3.1375887651119915e-05
14413	0.029755358469704677
10598	0.0
9233	8.492435754897586e-05
12690	0.0016182516365043224
11205	0.002076285609752218
14414	1.8137961024419026e-05
14415	3.3342115550442396e-06
13965	0.0016042063288044797
110	0.0003690398177516342
2539	9.237854144094296e-05
7078	0.000341987742937939
5005	0.0
12233	3.099692920831222e-05
14416	0.0018213413492743375
2242	0.0
13677	0.00723103342834649
2956	0.0004076431535398829
14139	1.5230870578679924e-06
11257	0.0013902768305732844
12662	3.750784525767475e-06
13980	9.100773326845361e-06
5766	0.0
10887	0.034825822651738454
14355	0.00032797904193023944
3251	0.0004076431535398829
8741	0.0
5579	2.5652665001552182e-08
9094	0.0025517692398182757
12331	5.698494644663382e-06
14417	9.710492449959015e-06
9593	0.0008177713225632914
2739	6.924588306924174e-06
12779	0.0016154322064867207
13193	6.923489049818403e-05
11305	0.000701794499964381
12733	1.2577254466037494e-06
13863	1.3618114035562535e-05
3619	0.0
4306	0.04311654673914282
6036	0.0
7557	0.0
14418	0.01835302851904546
5423	0.000373018401959896
9940	0.0004862581583740541
11913	1.1600304882144263e-05
13505	1.959321790959978e-05
14419	2.774079725855252e-05
14420	4.386163077146309e-07
352	6.864275115397122e-05
14160	0.0
11258	2.1541554889355746e-05
14188	4.85085798762834e-07
525	0.00014076169948257122
11465	0.006795221978752228
13954	9.58479982873824e-06
11524	0.0
13249	0.00041011559092932144
13943	7.459145903324733e-06
4861	0.0
9524	0.001959662999477988
3768	0.0004076431535398829
11266	0.00024001000399478497
14126	1.4893478220764339e-05
13157	0.0
13785	0.0038773350981336505
6026	3.4479162061665767e-07
8629	0.0004599817042665489
12448	1.6367935650772173e-05
13352	1.3196155609663147e-05
12338	6.872337444029364e-05
13603	5.740245640842295e-06
11783	2.3929595602303856e-05
11664	6.117439655824833e-06
14421	2.2746606595333343e-05
14422	9.330721981044687e-08
2048	0.0006163885004052617
10479	1.2891654932776034e-05
14423	7.921417956495673e-08
7158	0.00010867592960395749
13956	4.3675805299100695e-06
11559	2.1077412218185647e-05
6856	0.00010444423693768966
6920	0.0
9965	0.0
12689	0.00011038868075612606
10825	4.407691865834357e-06
2676	8.279449214417407e-05
12472	0.00014887903986995134
1338	1.6434193136155072e-08
14274	0.00045276682142103396
3473	0.0
8508	0.0003150775871540536
13929	8.865883819208871e-05
7737	0.0
4143	0.0024439140588655385
13294	3.524027307623819e-05
14424	8.840991171911516e-06
8070	0.0
8749	4.1481566960966876e-07
1406	0.005071743975368535
12021	0.0014193851152311111
12561	1.6663667590795322e-06
13974	3.14358060464427e-05
2470	0.00011986219344605002
14425	0.0017669930928001403
13019	0.002310474736219183
12908	0.00027668910276247723
1928	8.904076217253465e-05
10532	0.0016278192481206533
9883	0.00024073368154138973
1723	0.0024419743827914426
4575	0.0
7538	0.0
12722	4.341566102782889e-06
13916	5.0795489055186936e-08
13961	3.063160345247214e-06
8137	0.0005899255808310699
238	0.00023231076466986847
2720	6.389846983799859e-05
13676	3.473111960123504e-06
13247	1.8829299831686492e-06
8312	0.001263323898359454
12663	0.0014135965672899492
13535	7.1338434053904585e-06
1950	0.0
5060	0.0
11773	6.031170709838956e-06
14426	2.096222325163429e-06
13764	0.0
13766	0.00285738686586964
4040	8.803099609350795e-07
7831	0.0006416631627344704
13769	3.458005226173594e-05
7694	6.48535085828584e-06
3611	0.0
3806	1.5168344407957737e-06
5071	0.0
14427	2.3909487443150392e-05
14428	2.221141921470754e-06
9802	6.195171484849496e-05
10371	0.002313013670552683
14056	0.0001604739681614466
10572	1.905147004111596e-05
14429	3.161676897652361e-06
14320	0.000413514680476283
8178	7.684873248396819e-07
7365	8.366719915293226e-08
13509	3.146830877702572e-05
14430	1.345576934185077e-06
11248	9.571999356436946e-06
13844	3.3368362547377715e-05
3161	0.0
9160	0.0005108130956073641
13928	1.6278234669123617e-05
3240	0.0
5143	0.0016290167242605244
7161	0.0012221515156701451
14431	0.0023912764951105033
14104	2.6975721460553315e-05
9783	0.00040879583980210464
14209	2.1724626721324942e-06
14432	2.146599687808356e-06
14433	2.5335478754467384e-06
3157	0.0
4698	0.0004076431535398829
9690	0.012731133272476755
2346	0.0
13592	2.4618667599564033e-05
14434	1.615819769900139e-05
14435	1.1510313377693873e-06
14050	0.0
6416	1.1156259853588812e-06
13373	8.614057735549234e-06
13342	6.771408491085956e-06
14436	0.0001524404532740574
14437	2.8925543752705637e-06
2280	0.0
4673	0.0
12938	2.0464897021034433e-05
8433	0.00011184176686176432
4715	0.00020997921542689196
11168	0.00043677296927541664
12614	0.00012675943035707322
10676	0.00046156647696576447
14438	2.5701015766024042e-05
14439	2.915655568159401e-06
1478	0.0
1635	0.0
14440	0.00496362537985514
6352	2.4203062518327268e-05
11528	3.931461143022298e-05
8413	0.0
6420	0.0032447428934317046
13799	0.00018930806171911816
1112	0.003329818163039301
12674	3.1891715488073685e-05
3951	0.0
10790	4.959934637861398e-06
10686	0.0004076431535398829
9260	0.0
14441	2.2933521596171187e-06
12341	5.389093252112634e-05
12504	0.0002632741521401311
653	5.35409605582499e-07
11177	0.0009276890216998316
6658	0.0
778	0.0
11058	1.0580640009545419e-05
9287	0.0
14338	5.738168769272462e-06
3297	4.594965068375657e-06
176	0.003762156709759534
11325	0.0017414747497802477
14442	2.2477016757622896e-07
14443	2.747533985455094e-05
4704	0.00010612054480393071
14354	0.004796855409453643
13889	1.7958244484325543e-06
9708	0.0
8900	6.296381620783847e-07
14444	1.423284378383434e-05
14445	2.158437878900826e-06
13071	0.010166604977447286
6654	0.005178858719394219
14446	1.940152145162638e-06
11533	0.0016385817524251344
9383	0.0
5384	1.1162674396367824e-05
1497	0.031887635111806006
6099	1.2839993426491223e-05
12299	3.5927442004259824e-06
2965	7.083443273470235e-05
9618	1.2479969797582487e-05
14321	0.0001559458568287111
12641	3.669876977385288e-06
14059	1.2007589567367916e-06
10208	0.002111147274687429
14199	0.0
13754	3.1672549862371605e-06
11436	1.6154860980307416e-06
12459	3.4999234680026992e-06
13834	6.906564276533314e-05
765	0.0
703	0.0
9374	4.230197441469819e-06
3816	0.0
13714	0.004477468657583243
11463	0.0028503804518162034
2459	0.0
133	1.6855473905911188e-06
13831	1.3413376212671085e-07
14025	2.778374819655691e-07
1956	0.0
367	0.0
10661	0.04405003043472751
8672	0.0003472459844522959
11782	4.5164520528610907e-05
6428	1.634611818988877e-06
13233	0.03473782717119253
13948	0.003363302561461246
7987	1.7726236853078616e-05
11208	9.396325507235347e-05
11885	0.0
11820	3.894303340490982e-05
6548	0.0
4419	0.000815026992096598
13765	2.7120025322972493e-07
11017	0.0
13615	0.009091654337353166
8591	4.1323185742659154e-08
4728	0.0
4919	0.0
3262	0.0
13123	0.0006529897782515627
2888	0.0
11326	2.2830938633257969e-07
14357	7.806485936675688e-05
544	0.0022447762362748105
10382	5.938728077343822e-05
8729	0.0029020560445818747
4210	0.003079903508863551
2703	0.0
14447	1.8152607729026311e-06
8730	7.324288101524656e-05
10590	0.02572839528053117
2989	0.0
8696	0.003468234463443981
10135	0.0
12923	6.168214238420385e-06
13807	8.579981067791891e-05
11628	0.0033409364717043367
5185	5.333676291592185e-05
13443	8.878185530692594e-07
6347	5.137032233176909e-07
3483	0.0
1911	5.155501173490717e-07
10210	1.2199351172930708e-06
1364	0.0008355414158442166
1450	0.000617073620579967
13688	2.126364209258393e-05
1034	0.00014074745195947808
150	3.936492099223161e-07
14448	5.422320198748368e-07
10829	5.842035918205921e-05
13883	0.0068856688472207815
11046	0.0008284072975427348
12335	2.40721318557394e-06
13797	4.633622600157484e-05
14449	3.1634732269066634e-05
14450	1.4634598489656624e-07
10140	2.640332037924196e-06
14170	2.921654448472115e-06
13930	1.44337299404522e-05
1085	0.001044120014995978
2450	3.2852452888731264e-07
14205	4.552126886299924e-06
5250	0.0023675541504479623
8367	0.0
8663	0.0
6750	0.0
12593	9.605568302039533e-05
3859	0.0
6048	0.0
3573	0.003040771553784071
14451	0.027585070247409
11641	5.595086653030128e-06
14350	0.0004330390818286653
800	0.0
2686	0.0005547501340341955
10222	0.002060432059569692
13922	5.2623441218852464e-05
4291	0.0
3992	0.004500438469854401
1155	0.0
13151	2.0488754804476735e-05
14452	2.130580456555834e-06
6129	2.278973438845528e-06
6972	0.003076858102573291
8259	0.0
3245	7.779449495035934e-07
8513	0.023489874099898514
8023	0.0
9956	0.0
14383	0.0
14453	0.0007621286798180811
14454	2.2914162635225296e-06
4784	0.0009487470850835317
13582	0.002444108545102914
1925	8.783077693613627e-05
4890	0.00024697055237223286
14267	0.0009623711169794864
8911	0.0008148365111079378
8579	7.883870512029217e-05
7321	0.002170039758240242
6743	0.00028786309766047424
9184	0.007370718028169358
5632	0.0028627190153375924
10688	0.0009063901379703566
6395	0.0
14455	1.658660029994462e-05
14456	2.9148232697400036e-06
10307	0.000454654200996244
13393	6.978637126267286e-06
12946	4.935600424631905e-06
8650	0.0
14348	0.0023315948264095673
11745	3.468925393138516e-05
13462	1.9920248245794336e-06
12646	4.760960175359347e-06
10788	5.099304775512032e-05
4361	0.0003423745167115609
10963	0.0012225404881448972
12654	0.0
929	1.212689984003083e-05
14076	6.271738444970637e-05
2688	0.003687751626356479
524	0.0
770	0.0004076431535398829
8509	0.0
5015	0.0016781680106245978
10360	0.004584499517509204
14374	0.0009500860197938786
11099	0.00011687971948927787
13878	3.5340138300858497e-06
14457	2.830604226607769e-06
13902	4.0132080728359976e-08
14458	1.2569421983608481e-05
8319	5.832987393579153e-05
1317	9.934373026280101e-05
5709	0.0015303476996266741
2194	3.489097392340761e-05
2141	6.540190560198853e-07
7606	0.00010925710704589476
5268	0.0
11020	0.003333948631626705
5585	0.0
13743	3.934230848982877e-06
6332	5.137032233176909e-07
10000	0.0004872058933313255
14373	8.53366047958623e-05
10827	0.0
2474	0.0
1645	0.0011265642509048735
13177	6.257356434671182e-06
1228	0.0
13703	0.04081844433186161
13486	7.1616012839668964e-06
12749	2.6782694875661645e-05
8485	0.0003317427549586096
9433	0.0030627686647123186
3028	0.0
12071	0.0014768393528651197
10714	0.00021309092131119615
13792	2.6464798759563974e-07
12452	2.5669284276505006e-05
7637	5.695012844056719e-07
13668	5.505931717945983e-06
13202	4.542203534302803e-06
1421	0.0004829750835176916
14459	0.017363041152746003
14279	1.9596921831236873e-05
8704	6.037748060376362e-08
3378	2.2053208578162067e-07
10761	0.0016352022861957363
618	0.00040764315353988297
12033	3.4608267752008974e-06
1056	0.0004829750835176916
11111	6.78830045308151e-05
9219	1.0372599326714577e-05
2793	1.0113284343546714e-05
2619	0.0
11410	1.2240216211674198e-05
697	0.0002845343152596944
2758	3.2111324875815894e-07
1986	0.0
14460	1.7654395276979782e-06
10619	2.4431196826757604e-05
2877	3.7415866764844435e-05
1753	0.0
12225	2.0974324423244412e-05
2159	0.0
11902	8.243975204380812e-07
8194	0.001222410830653313
7172	0.0004076431535398829
4846	3.941804467172558e-06
13810	3.372233754609195e-05
10044	7.359836257036299e-08
4121	0.0
9893	0.004883160448034055
756	0.0008163105848175351
4548	0.00026494960426477564
12374	1.674709632497692e-05
14461	1.0269172716150263e-05
12460	0.00010119333462212967
8565	0.0
8245	0.0
7834	1.1409859259386036e-05
10200	1.3878760706738908e-05
13434	9.270430774618948e-06
13243	0.0009230895457849564
9645	0.004844981928614694
14462	3.0722011186804894e-06
14068	3.637097559688112e-05
11579	2.4159505639698664e-06
13564	1.2608793645600047e-05
1711	8.658218149552198e-07
5710	0.0
1602	0.0014226019976589044
5932	0.0010183299389002036
9993	0.0
9416	0.0010226781392044478
13148	0.0
12607	1.2158606559638648e-06
14385	0.0004570380276015183
8203	0.0
6618	0.0
6601	0.0
7754	0.00041058939995221067
5239	5.587177626909795e-07
6741	6.159199759420608e-07
2741	0.0
13011	0.015225333411867714
5620	0.0
1158	0.0
8287	0.0
2160	1.2965749158393222e-07
4162	0.00025354474432508434
9717	0.0004285734644003515
9787	0.0005946783829738792
14014	6.7046798131414756e-06
4236	0.006877136324478654
13832	0.002947442473405573
5145	0.0
8460	0.00011343957739092721
7691	0.0
11018	0.001046221998886785
12714	4.720616560052329e-06
8293	0.0
11746	0.00023121083314437327
5787	8.180968314377318e-07
12706	0.0009984495064007956
13046	0.006409212252441005
4259	0.00044548189476539287
7244	0.0
6273	0.0019386376357071018
8	5.9528282680503506e-05
6353	0.0006786966331817152
2875	0.0
5847	0.00021245767567858813
14032	4.2046072270789446e-07
3556	0.0014339186131260549
13266	0.0
9941	5.259727377661566e-05
4357	0.0005834702357564183
2251	1.0257795180864944e-05
10977	0.00014063650903391845
10501	0.00012806802575160601
8796	0.006042077031213563
7627	2.8769698554549832e-05
6135	0.0005833900140733628
4480	0.0
14463	2.371517509019269e-05
1080	0.0007668551002557214
10949	0.006774493726392323
7138	5.065491810087818e-06
6072	6.41374706447039e-05
10722	0.0002972826200317064
6233	0.0003728479760119997
4697	0.00044048695271461615
11281	0.0
14311	2.306707069004271e-05
8830	0.0007329262800027364
3508	0.0
6778	0.0
5110	3.584383580217386e-05
7808	0.014276265534273096
679	0.0004829750835176916
11314	1.39399605690655e-06
11508	0.0004225793757687195
14464	0.0014524236123156999
6225	0.0
14206	1.042645566654714e-05
3479	0.0
5100	7.671401585382658e-07
7688	0.0016232145515121437
9794	0.0002156765988407239
5413	0.0
1261	1.0512769587886397e-08
392	9.74439822315484e-05
5492	0.0
14465	0.0
8115	0.0
10023	4.297008697116445e-06
10273	0.0005225177517548792
5203	0.00789191634239554
2171	0.0
8379	2.885758210200007e-06
14466	2.035366156564607e-06
186	0.0
3607	2.8127188977031737e-05
2394	2.335073371787984e-07
5070	0.0
2917	0.0
5372	0.0
10444	0.0008959174480366853
12395	0.0021114894728292383
12172	0.0022921148732167776
5596	0.017924686666854876
11364	0.0005775482649154714
12206	1.41485675652755e-05
14012	2.216628487989072e-05
12972	0.005949822722510112
14115	2.3692909516184358e-05
12308	1.421995121617276e-06
13418	2.3249135959066296e-06
7410	0.00874429689219625
8857	0.003789038682965491
1324	0.0004119173749678156
14146	0.0007708560490148262
13715	2.022385087525788e-06
8827	0.0020639763136235272
14089	0.0012221515156701454
13555	6.153643463856384e-06
902	0.0
13667	2.4634923400947122e-06
11936	2.9614189904330365e-06
2328	3.086570129647175e-05
13127	0.0016438836535663456
13920	0.0
5806	3.55111477979289e-07
11096	7.033698515448543e-05
12863	0.005718126961605701
7142	3.989797109551441e-06
12403	5.473813914065448e-06
14094	7.495763385784533e-05
2855	5.186299663357289e-06
8465	0.0
27	0.0
3266	0.0
1997	0.0036011659143728053
2309	0.008054519073765663
11719	1.7787770058515242e-05
1902	5.155501173490717e-07
11878	5.332563662132353e-05
13542	6.24086412983912e-06
12890	1.2344542692237303e-05
13348	1.824130329558845e-05
6499	1.521005859604843e-06
14467	0.0
11041	0.00019510131025503598
13323	1.142966024715799e-06
13374	1.5062806273004307e-06
479	0.00033619021706462175
4039	0.0001415171250510463
8762	0.0025824766988970472
13574	7.4593297982172536e-06
13311	2.0776535228927994e-05
12649	0.0008376458824223824
14468	0.00045849319688355186
11030	0.0
11334	0.0
1008	0.0
14259	5.733020849272269e-07
12113	0.0
12506	8.329149704022564e-06
13497	2.276448550698345e-05
3505	3.4161452253229083e-06
10288	1.4578604971579658e-05
7786	0.0006420760824987717
10452	0.0024622174643393327
2728	0.0014891743753181906
10609	0.00012930659165920683
9600	0.0014058211104469797
10938	0.00018937883091227578
1689	1.334096065382702e-06
9403	0.0013346001299280221
10351	0.0
6553	1.9448623737589834e-05
10815	0.0009282949743887736
14193	0.00044987556528352146
14194	2.2778501391479507e-05
2895	1.4262324074232545e-06
1346	0.0
2187	0.0
1551	0.01700234072659898
10088	0.015315375805504742
3224	0.0
1035	0.003317611371384414
12000	1.2926986573899484e-06
3547	0.001076470373407441
10235	0.0024450939323805063
9182	0.0002912654678532332
12686	5.391690576274844e-07
3425	2.654687379827867e-05
3235	4.559518361302836e-05
14469	3.2918549445869166e-06
11038	1.1692150267899799e-05
5987	0.0
6991	0.0012681209899589488
11435	1.6833626918371239e-06
8285	0.0036184589487108813
14002	4.278303974302837e-05
9844	0.002628084725124707
14054	0.0
11298	0.0
7701	1.3958600782841494e-06
5627	6.721575611599352e-05
11320	0.001335605626066007
11269	0.0
10421	1.3614036616312882e-05
13674	0.0
6979	0.0004076431535398829
7092	3.5836302255319054e-05
14470	1.4394631316602189e-05
10659	0.00011353521411495521
10057	0.0009168582549286958
11437	2.554195683765234e-06
11352	0.0003921815832647167
12111	0.000810859422089566
594	0.00033619021706462175
8405	1.6811159201211825e-06
5582	0.0
5941	6.482874579196611e-07
13126	7.289735907534637e-07
9077	0.003515960825239781
3566	0.001629794669210028
5874	5.3710564125549226e-08
11545	8.320316205673371e-05
13017	9.726994050140147e-07
7436	6.339185580823594e-07
8725	0.0007421055673266717
6204	0.005027587229944589
11339	7.722327816928263e-05
256	0.0
9493	0.0
1778	0.0
8021	0.00020100644509021557
9753	1.7941750383689218e-06
10896	9.463768542934696e-05
6055	0.000407643153539883
2385	0.0
8531	0.0006169768341875685
8283	0.0
7250	0.0
10451	0.0004281304787719076
3163	0.0003625993265005916
10483	0.0027423846581422066
4645	0.0
4714	0.00026861023242295633
10498	0.0020356226178677357
5764	0.001629794669210028
8660	0.0
12285	8.938651658737366e-06
12917	1.8200394378331418e-06
13392	2.0292178109284653e-05
13895	0.0
3700	0.0
11304	0.10317026997653365
11057	0.0009785267406427836
12574	7.431712611002506e-06
14471	7.475498830424198e-06
11021	5.155501173490717e-07
5284	0.0
932	0.0
13495	0.0
9545	0.00014970054196026408
1262	0.012636283493769366
3421	0.0013450359340140686
13917	0.00037974940757219694
9208	0.00015024176331578798
14472	3.202061556133925e-06
14039	0.0
14473	2.9081476235898443e-06
2804	4.04726372830535e-07
6671	3.889724747517967e-07
13037	0.0
5088	0.0004076431535398829
5089	0.0
10283	0.0
10469	0.0
4240	0.004796556299866983
10996	0.0001836121241096079
3299	0.0
7983	6.709510650776609e-05
6295	7.580089107837173e-06
11895	1.8779456679666723e-05
8448	0.00013920978923185115
10100	7.99737404864309e-05
10294	4.1323185742659154e-08
9200	1.124493653457133e-06
14299	0.002398750698849307
7305	0.0004076431535398829
4803	0.0
12932	0.0
6219	0.0
1380	0.0004759750670821568
226	0.0015582789347039808
688	0.07734844153741105
14007	3.3208819464513442e-06
11407	5.717018957078617e-06
14184	4.5169530640832194e-07
13987	5.306695905542369e-07
13884	2.387858803337418e-07
14292	0.0
9616	0.00043669906592319266
6181	0.0
13080	6.918695601565772e-05
4785	2.3242270150785187e-05
8054	0.0005135389575175699
9860	0.00020492022822038238
2365	8.668349885517583e-05
14474	3.320759329080407e-06
5480	0.0
9995	0.00011017624943748816
2717	0.0
173	9.17177259472483e-07
10780	1.012324421960777e-06
11048	0.0006033218778528005
2617	1.2966248164148793e-05
4059	6.243050439469582e-05
11658	0.0029944286140955838
13683	0.01120706377999923
11411	6.825011131365684e-05
6689	0.0008994161723075487
2601	6.992274226865421e-05
862	0.00011223505849462487
6627	0.0
11217	5.155501173490717e-07
11523	2.0306266301343194e-06
6207	0.009519797312432347
10600	0.0
14475	0.0007031656087454413
8935	0.0
4939	7.779449495035934e-07
818	0.00023575301163896402
11236	8.971897732812165e-06
7459	3.889724747517967e-07
2436	0.0
726	3.0018019109022913e-05
2454	6.374197173370788e-07
9536	6.839069183730034e-07
4317	0.0
12417	3.025015362304937e-06
8387	0.00010292755353549493
847	0.0008600190637641636
12711	0.0
2447	1.9250439736953686e-07
1360	0.0
1863	3.936492099223161e-07
14161	0.0008295659188665722
9577	2.1420786235398694e-07
10014	0.0008150269920965977
5887	0.0
5750	0.0
10739	0.0004076431535398829
14476	1.146832207431555e-06
14477	0.0
13969	3.208264614978637e-05
2624	0.0
11174	5.304628457880447e-06
7306	0.0
14478	2.9402403300509217e-06
4140	2.0684559763302873e-05
14479	1.728096247769266e-07
6414	2.1707314404264334e-07
7372	1.1655658027721137e-06
7275	0.0
14480	1.0533418023234996e-06
11765	6.345222052968039e-06
14481	7.720138607566738e-07
3865	0.0017922060353580639
14151	0.00022760117804942605
7996	0.0014395178316988547
13160	1.7611922076147572e-06
6910	0.0
13590	5.135439638997811e-06
13317	9.253784687752817e-06
13049	1.142966024715799e-06
7117	7.372196672071152e-07
4749	0.0019922378133984966
2025	0.0
2891	0.0
7579	0.0008802353492120594
5115	1.4450989774060557e-08
1347	0.00013519170875846931
3218	0.001468009205298238
7519	0.0
12753	0.0
1927	0.0
9578	0.0014224562850574532
2887	0.0
12424	3.109285890578675e-06
13490	1.001709306675842e-06
4601	5.155501173490717e-07
2125	0.003851082592897494
10013	0.0
5187	0.0461603724636364
1605	0.0
1403	0.0
3039	2.1707314404264334e-07
9852	0.0001130846264639945
4285	0.0
13610	9.76882552830879e-06
13210	1.844784832930676e-05
7170	0.0
14482	4.1315398417995976e-06
3591	7.279609265004921e-05
8378	0.0004076431535398829
11293	0.014553806512296288
11626	9.0296584926977e-06
2055	0.0
9979	0.0
7225	0.0
12645	0.0
9606	4.5395557470041023e-07
14483	1.9483379817459117e-06
6868	2.037920602408671e-06
4915	0.0
7177	6.353217087612679e-06
14484	5.054583095925712e-07
6638	0.0
3662	0.0
7392	4.0294054040403616e-06
12439	2.5943937085898235e-06
3771	0.0
14302	0.00017587192211926264
3062	0.0
1559	0.0012681209899589488
4656	0.0
4605	5.137032233176909e-07
6341	2.4123575707260703e-06
13391	0.0
8037	0.0023196066931440553
7529	0.0
12746	0.003827749290855213
2650	0.0013338155193149059
13487	5.045082135539798e-06
3795	0.0
6001	0.0
10493	0.0024007080179464096
1744	0.001222410830653313
327	0.0
13078	0.002493187544575465
13324	0.0
2962	0.0004829750835176916
7276	0.00043971001458839397
8504	0.0002703098058738411
6133	0.0059193448631760385
8690	0.00034548921863146947
12274	1.928157300425141e-05
2370	0.0008955335259390769
8039	0.00011254289428902846
14036	1.413851584712949e-05
9670	1.16691742425539e-05
7398	0.0
2933	0.0
1248	0.0
10232	5.595471004182808e-06
105	0.0
12342	2.949540564886375e-06
7065	0.0
12220	1.2272723720389274e-07
13971	9.483209996217548e-07
8923	0.0019329035918362065
8802	0.0033338565054528385
9408	0.0
3399	0.0
5569	0.0
13993	3.984677720914941e-06
94	0.0002259790659998799
10778	0.0011802993249676384
1957	0.0
10203	0.04804374071065992
9790	0.0008914217918211241
3842	0.0004076431535398829
3841	0.0
11459	0.1338461324551779
2562	0.0003211256543772021
10202	0.0002811177624837317
664	0.0
9808	0.0008151566495881821
13991	0.0
7008	8.491619627064229e-05
8345	0.0008157654431079516
11897	0.0005012121594377692
8278	0.0
10510	0.0005271190576249424
1707	0.0
13075	1.3732443098701558e-05
4205	0.0
13099	0.0007251802201695594
5164	0.0
7838	0.0
2735	0.0
13638	1.4568207038680118e-06
7563	0.0
7585	1.1570317159633017e-05
408	0.00014860633792184507
893	0.0
4050	1.793903500065507e-05
12810	0.005232125835964384
1432	0.0
10411	2.497046950920748e-07
2599	1.3385122756669547e-06
6527	5.891914103102722e-07
5574	0.0
1280	0.0
7340	0.0
1049	0.0
1348	6.482874579196611e-07
2071	0.0
10010	0.0028480564601326554
12263	8.818168908104564e-06
12885	0.0
1574	1.8429395736982339e-06
662	0.009329245491938675
14485	1.624255205455245e-06
5949	8.62829355328045e-07
11984	0.0
6333	0.0
11405	0.0005479251075467567
13796	0.0008862678705378162
2850	1.540201918342292e-05
7323	0.0
13881	4.3869405592083244e-05
14486	1.03249831140235e-06
1398	0.0004282615514063509
11108	0.00014573357713447028
6247	0.0
10762	8.088258885523514e-06
14000	5.836645287497783e-05
14125	2.7694243137669034e-07
5859	0.0
5623	0.0
10012	0.0
9643	0.001262129738217146
11453	0.003693413151102073
13966	0.0
14266	0.0
5189	0.00010838113011895301
3914	0.0
7862	0.0
7920	0.0009133448088847397
3645	0.0
2475	0.0007697678166833393
5014	2.0525263045454807e-06
13963	0.0
6131	1.81752741724353e-05
9512	0.0016837995300931867
10750	0.0003677171472874952
3825	5.186299663357289e-06
7534	0.0013232843591056119
4366	1.2965749158393222e-07
8778	0.0
8121	9.26857049025476e-08
11797	0.00010739121107922127
11051	1.4646053131780076e-05
13760	1.0455176108459472e-06
6755	0.001352695541815376
3412	0.0
12467	0.0005757193585377481
4409	0.0
13020	1.6207466516949846e-05
955	0.0
4839	0.00043992853047163767
13521	2.1204871141170795e-05
4386	1.9024850519955512e-06
1899	0.0
3537	0.0001704895133814418
14487	0.011167707443491772
13784	0.0
11950	2.3736436277333772e-06
13947	1.5991168187406356e-07
1597	1.2965749158393222e-07
8919	0.0
12756	0.0029944286140955838
3965	0.0012681209899589488
9213	0.0
13572	6.488089873353573e-08
7880	0.0
5385	0.0
9469	0.002887326810146914
1627	0.0
165	0.0
8492	0.0
14488	1.1478849974349875e-05
12815	3.435993719677186e-05
14228	3.029427602839353e-06
678	0.0
7675	0.0
4595	0.0
13976	4.462781287327734e-06
9537	0.00010668902502172373
14489	0.005172401808592887
12289	7.064277215219968e-06
13803	1.1792657567871932e-07
10338	0.0
9268	0.002036919192783575
5913	0.00013522635415714462
7120	0.0
8885	0.0014577664765241056
1560	0.0004269747002228565
6932	5.137032233176909e-07
1109	0.0004076431535398829
2811	0.00010692219492072027
4834	0.0
2514	0.0
13629	4.282929034168431e-06
2552	0.0
8463	0.0010420629508142223
1545	0.01479236926312489
5392	0.0
8985	0.0
11287	0.0005471135108078013
131	0.00011396522604057765
14490	1.9191323387750806e-06
5170	0.0006254547628049706
1811	0.0004076431535398829
9273	8.726267987167066e-07
3737	0.0
6363	0.0
3824	0.0
4677	7.779449495035934e-07
12673	0.0
2403	0.0
7253	0.0
9973	0.0013901427322827872
5628	0.012126443800997531
2535	0.012919980063864094
10742	0.002369525770132317
14491	2.1873709322212836e-06
6616	5.73508753774585e-06
13518	4.708034311861538e-06
9342	6.224210118945427e-05
14492	1.4372266989270583e-06
13354	1.357471850117571e-05
14493	1.2291657508413351e-05
5954	0.0023820648086138644
10728	0.001202840893748926
12182	6.199316756719933e-06
13707	1.7296784422023438e-06
4912	0.0
13466	3.0500451716891452e-06
1503	7.424804520562325e-07
5319	3.8100318371441147e-05
10428	0.003532380432223771
9481	0.0
3290	0.0
1157	3.428831800312219e-05
14494	5.984929018396299e-05
6785	3.025467140886606e-07
1608	0.0
1074	0.0
2608	0.0
3699	0.0
5028	0.00014628238004490887
13115	1.250852323533905e-06
319	5.6645577370600236e-06
6481	0.0
6322	0.0
1788	0.0011463203773265363
7430	0.0
7723	0.0
4289	0.0
3310	0.0004442259583674275
12864	0.0
10226	0.0
11516	0.0
5061	0.0
6059	0.0
13250	0.0
5425	0.0
12974	0.0021316098390875035
11247	0.001974725748036194
13935	6.445532655816301e-06
13251	9.995857124379021e-08
13484	2.4345387231112753e-06
8187	7.477695172990019e-08
13194	0.0
7815	0.0
10132	0.0015185707114400975
5265	8.754954409255382e-06
9027	0.0004076431535398829
9102	0.0
14323	0.0021746631713286837
7406	1.7841166112622609e-06
4891	0.00013152914745020888
3494	0.0
11134	0.0
638	0.0008151566495881819
13793	7.403226847509764e-06
11372	1.4382681627967734e-06
9072	0.0002541400217597349
12989	4.2842121504619995e-06
903	0.0012681209899589488
8594	0.0006095115196438212
2287	0.005279134427331384
764	0.0
8598	1.2965749158393222e-07
10470	0.0
10065	3.9047158034953593e-05
11514	0.0021588550734096407
8451	0.0
10090	0.0011890397582201403
13985	0.0
4114	0.005178858719394219
6964	4.911702663743094e-06
11294	0.0008929660020485316
650	0.0
12730	7.393092547344559e-06
1748	0.0
9314	1.2965749158393222e-07
8642	0.0
480	0.0004076431535398829
8417	0.0
1646	0.0
12457	0.0
14366	0.0005673977860920204
10434	0.0
3124	0.0
4744	0.0
284	6.059730444906362e-06
8099	0.0
14495	2.5787662524953417e-06
10339	0.0
3597	0.0020361412478340714
8618	0.01650073100893755
9748	8.990188440837113e-09
5093	0.0
5246	1.308091089909059e-05
8907	0.0
14496	3.1181631037932695e-05
1314	0.00011771276347408415
6029	0.0004076431535398829
5920	0.0
2011	0.0004076431535398829
6108	0.0
5893	0.0009487470850835317
4396	0.0012681209899589488
4132	0.0
405	0.0
5257	0.005393983780536304
2180	0.0
10820	2.9312107580424633e-06
7227	0.0
2017	0.0
5509	0.0
3625	0.0
1090	2.720150672303014e-06
6457	0.0
1555	0.0
2029	0.0
5992	0.00017245616002303525
268	6.482874579196611e-06
1521	0.0
332	6.339185580823594e-07
5337	0.0011022694126248908
13252	0.00023232325415932118
5552	0.0
4736	0.0
2491	0.0007221885584829854
3176	4.5733221649508083e-07
2641	0.0
3289	0.0
1050	0.0
5072	1.2965749158393222e-07
5243	0.0
3074	0.0
5465	0.0
7528	0.0
13461	1.420325791889658e-05
7301	0.0
2279	0.0
6453	0.0
12167	0.004060337677250459
1975	0.0
7645	1.5558898990071868e-06
9457	0.000529959717203777
8570	0.0
5819	1.206263901715267e-07
3492	0.0
12875	1.142966024715799e-06
10657	0.0
6149	0.0
8227	1.2965749158393222e-07
4393	0.0
11739	0.004756711803977604
12886	0.0
13540	0.0
333	0.0
11141	3.620316054390941e-05
11522	4.2561287055646364e-05
10547	0.0002822474549336771
11071	0.0013556137577686142
4881	0.00012289959970145184
6335	1.2098461560351938e-06
4347	0.005178858719394219
14497	9.978718066588784e-07
13092	0.001103811019695563
11591	2.42554484559681e-07
7135	0.0
13730	1.2965749158393222e-06
14498	4.008653637266369e-07
10485	0.0007305883348481951
12051	1.155245442441691e-06
497	5.137032233176909e-07
504	0.0
14499	0.002156390396080801
6895	4.234856538771871e-05
1184	7.279609265004921e-05
2438	9.973653198764018e-09
12883	0.0033226263707665424
13258	0.0053190060134409144
44	0.0
9976	0.01116457144189492
9039	0.010927607587814293
11182	0.001017475912611169
8354	0.0
11323	0.0
2408	0.0
10803	0.0012823304260912184
13723	0.0008205892353837761
9818	0.00046538125969798155
2123	5.6645577370600236e-06
14360	0.00033681361849602104
492	5.137032233176909e-07
10112	0.0006967326670252361
9344	0.0
11992	0.0014282252350183674
10066	0.0
4911	0.0
13295	5.195948829192115e-06
14069	1.989636952583434e-06
12709	0.00048794162137234126
13776	2.0853246563082432e-07
10900	4.413856280924209e-05
3237	7.779449495035934e-07
5743	0.0
3503	2.3977705618373276e-06
2221	3.090056671933884e-05
7245	0.00034030357207221027
3912	0.0
12998	0.0
8585	2.750310427537955e-08
3692	0.0
13684	0.02608569681508889
11253	0.0006615138896873938
21	0.123257796365974
990	0.0
600	0.0004076431535398828
3390	0.0008151566495881819
8447	0.0
5508	2.433487828842732e-05
14087	0.0
12872	0.0032818066989815957
12573	0.0
1622	0.0
1268	0.0
612	3.039918291729369e-07
3464	1.0387352288370032e-06
2046	0.0002401878069233774
10036	0.0
12794	0.0
11343	2.2890209034723202e-05
8371	0.003122269384884629
14111	0.0011905408626308996
13737	4.912510350907312e-06
3890	5.72727661003104e-05
10286	0.0
2993	0.0
9395	0.0011060518023420208
16	0.0
12569	2.7174007583340227e-05
12808	0.00022796384905535827
3581	0.029113301378210964
3745	0.0013098561576093636
3630	0.0
14500	0.001691330428615464
1456	2.5931498316786444e-07
9763	2.5931498316786444e-07
3687	3.79774342495843e-05
6386	0.0
5520	0.00010668902502172373
12757	0.0
9175	0.0003425386089798479
7614	0.0
4403	0.0
7930	0.000815026992096598
3891	0.0
4167	0.0
2871	0.001222540488144897
8032	0.0
3120	0.0
11106	0.005672634530433064
14312	0.0
5086	0.005965238738966965
11924	0.0
1909	0.0
4917	0.0020623969540000484
14202	4.5913549789973e-05
13344	1.8872757893162574e-05
4791	0.0
11148	0.0007007564320716814
7182	0.002463116828099237
13129	3.0704881343566246e-06
13197	0.002161771215989845
14214	0.0
14501	1.588703454250974e-06
6337	0.00026233264797717804
5997	0.0
11432	0.0010620045287738642
212	7.577600765521447e-07
8177	0.0
13439	4.387428788759696e-06
2729	5.160268128587478e-05
878	0.01347134865324409
11004	0.0
13812	5.217180357549765e-06
5352	0.00045316783608587407
5731	3.947630583677046e-05
5249	0.0
3858	0.01838561105333383
9014	1.7803929720990563e-06
10234	0.0
13301	8.726267987167066e-07
12850	0.00035188940970785643
649	0.0
1546	0.0
7354	0.0012221515156701451
13403	5.299569288000675e-06
6963	0.0030172502551584716
6593	0.0
13188	0.0012999000082720199
11780	6.485654845855455e-06
14502	1.4186169334742023e-05
6629	1.034741173753167e-05
13086	0.0045041424992726155
5183	0.0011202775276643521
13452	1.1164290625179015e-05
8652	6.06592631860029e-06
6870	0.00136954468148218
14159	0.00036941098939160963
5990	0.0022612838658255564
8705	0.000407835324464909
5538	0.0006163885004052617
2304	0.0
11113	0.0
4130	1.2965749158393222e-07
3997	6.767918325726069e-06
2576	0.00014054579465699941
7040	7.78518851149097e-05
13876	1.6222621863656282e-07
14024	4.389771427130856e-05
13275	3.292316933866925e-05
6948	2.832587013901229e-07
575	9.925784893317494e-06
13682	0.003226076734877736
8329	0.0016421152980365796
2236	0.0018538838200823887
8784	0.0003903179708771615
10240	0.0024802696881206826
13640	0.0013400915255166832
4290	0.0
14101	2.4591287240270966e-05
4465	0.00307014908184898
12550	0.0
10919	2.1329408308078785e-06
648	0.0
4354	0.0008228925176008591
14258	0.0
10811	0.001040168398776781
8745	0.0009088518346826035
897	0.002369906046543629
3280	0.0
14192	1.0160006358475125e-06
3880	0.0
11179	9.912775241698098e-05
10211	7.310495072516756e-05
11069	5.94220772999414e-05
14503	0.0006321008099201041
2463	0.0
13045	2.1764730644157483e-06
6662	1.6960280378274868e-05
3543	0.005561824555354981
11302	0.0
683	0.0
1993	0.0
6952	0.0
3007	0.0
12498	5.934376686434565e-06
9454	2.8406721572786357e-05
7208	0.0
2785	0.0
10579	1.9217092502618523e-07
12724	0.0
817	0.0038628856467600925
1026	0.0028493530350484943
2587	0.0
6815	5.383458725079847e-05
10476	2.0066837791505913e-05
6543	0.0
7278	0.0
2019	0.005446233924655363
2359	0.0
4420	0.0
125	1.8470651632266582e-07
6977	7.257995777854309e-07
8697	0.0
9476	6.482874579196611e-06
10032	0.0
8678	0.0037996570587944187
14073	0.002277573291254309
9170	0.0
10738	0.0
1415	0.0
11016	0.0004872058933313255
5045	0.0
14504	2.4999302691202594e-07
4954	0.0
14505	5.880026673435646e-07
5532	1.0292533406667633e-06
3863	0.0
8988	0.000407643153539883
4510	0.008981118214118712
5822	0.0
162	0.0
8316	0.0
5871	1.7602759157174805e-07
12893	9.005743734216616e-06
9576	0.0
10882	0.004774476907407179
14351	1.3404285188444577e-05
7821	0.0008956461309237717
4708	0.0
715	0.0
13936	0.0004496637533399944
4270	2.6447457529800106e-06
3318	0.0
7300	0.00010898080477192795
4087	0.015330572147392562
6474	5.587177626909795e-07
14506	3.0708634424059823e-07
13593	6.482492691928374e-07
12894	1.827660173799808e-05
9186	0.0017933718682197222
12765	0.0012013510197864626
5849	0.0004076431535398829
6824	0.0025127602959361065
10550	0.0021255554849862225
8484	0.006090401352172048
3887	0.0
12261	9.307771243589932e-07
9948	0.00023186712657248735
9062	0.0
4505	0.0
11462	5.83458712127695e-07
10573	2.5931498316786444e-07
11279	0.0019936766699933505
6269	0.0
9017	3.2686232953794786e-06
5788	0.0
291	0.0
10220	0.0
9108	0.0019920986127471715
12257	2.933101636365074e-05
13727	2.548340811293009e-06
14033	0.0005168948264657668
10883	0.0
8814	0.0
757	2.098610091861129e-07
1884	0.0
7569	0.0
6794	0.00231497970643188
7018	2.3794250887199526e-07
6444	0.0005311728740671967
13293	0.0009282185167308212
9387	0.0
5336	0.024511163884270732
3213	0.0
1891	3.8150775644108795e-05
2530	2.1142109994693873e-06
10792	1.54267817047617e-06
9667	0.0
14507	7.595350325689585e-07
6809	0.0
1564	0.0
455	0.0
5207	5.155501173490717e-07
9334	0.0
8820	2.5931498316786444e-07
7328	0.0042207152257115335
14508	1.7613189896320716e-06
2343	0.0
7981	0.002850001322506414
11296	0.0011579780982765113
7625	0.0
3601	0.0
14268	0.0026076021391466123
9934	7.324288101524656e-05
6107	0.016103460454724383
7179	0.015705930585528046
14121	3.975875195290111e-07
13899	1.58830427190317e-07
7875	0.001004873706982767
7732	0.0
14375	8.654783321993074e-05
554	0.0
13742	0.0008153284972159162
9145	0.00011073094048140953
4963	0.0008357115518599017
4446	0.0
4660	0.00040764315353988297
10730	0.0006425563329294836
1547	0.0
533	0.0
6438	3.889724747517967e-07
2829	0.0007429900460938219
10854	0.0
3188	3.889724747517967e-07
6604	0.0009628663441285459
9417	0.0
7304	0.028538792173162228
13278	0.0015976494927524912
11406	0.0001236486263445731
5402	8.46679823798924e-05
8990	0.0004672199126979507
6965	0.0
12568	0.0008384942884209025
3761	0.0
9704	3.164989903630237e-05
304	0.0
1620	0.0
8234	0.0
9152	0.0
8528	0.00014580890318664086
9888	0.002026860707810198
12845	0.004894723989192275
7776	0.0016047272165624453
10393	0.0005610883553428757
7027	0.0012681209899589488
5082	0.0
5989	0.0
2756	0.0
12612	0.0
12708	2.4082535887959307e-05
10028	0.00011508317298321777
13326	1.3638264118728712e-06
4848	0.0
14509	0.0015046671373933984
816	2.7837161582088716e-06
1699	0.0003625993265005916
6918	0.0
1862	0.0
2134	1.2571110691202929e-06
9572	9.205367825267312e-06
7346	0.0
13341	6.791103780891875e-07
6519	0.0
6812	0.0
4211	0.0
8839	0.0
10936	0.00022127150261682128
2170	0.0
14238	5.3444691512920295e-05
3037	0.0
926	2.722807323262577e-06
7087	5.155501173490717e-07
5053	0.0
12391	0.0001909750658861604
634	0.0011302200637954931
7708	0.0
2972	0.0
1760	0.0005162622098814818
3788	0.0004076431535398829
6613	0.0
10083	0.0
7237	0.0004076431535398829
1871	3.214639148200696e-05
10166	0.0004991741735499526
589	0.0004076431535398829
13105	0.0005931040463313042
4883	3.7445086792716055e-06
5884	0.00018398794662139473
13915	6.592616774682592e-07
2458	4.706312521866596e-05
11315	0.000815156649588182
13945	0.0
1298	0.0
11881	0.0034456425130394842
7479	0.0015925462702091836
4876	0.0
12705	0.0007755471697686588
13815	0.002524830994193972
5205	0.0
10487	0.0
3051	0.0
9955	0.0008412535445823002
13154	0.00020004799792076622
1824	0.0
5032	0.0
10565	0.001075141038693565
3797	0.0
12841	7.556688412232006e-05
2214	0.005372628410739003
12784	0.02033767422800191
12661	3.538262921667344e-06
403	0.0004076431535398829
6901	0.00012025974732293684
14510	1.2604543338834836e-06
5782	5.3148798237383805e-06
12209	0.0023059738825665426
12780	0.012369574163803803
12766	1.4888929919692758e-06
13534	8.287493040725397e-06
12965	0.003962493116116073
20	5.800003264744955e-05
4541	0.004525064538199165
8691	1.3958600782841494e-06
1386	0.0
5945	0.0
682	0.0004076431535398829
10978	0.0
5171	0.0
8335	0.0
11347	2.1183880443149452e-06
6060	0.0
3683	0.0
5498	0.0
3639	0.0
7271	0.0004076431535398829
9491	3.230848178192357e-07
7901	0.0011757221998718124
14295	0.0
8477	0.0
8850	0.0004076431535398829
6833	0.0
8682	7.279609265004921e-05
6832	0.0
3752	1.3007757394370848e-06
12035	3.963356873350716e-05
13651	4.875599335558947e-06
14210	8.930596617845053e-07
11123	0.0008181519838333523
12918	0.0
9472	0.0
12054	0.0017996023928585699
1320	0.0008575503774412718
2765	0.0
329	7.561691079980274e-05
3000	1.9877261859963484e-06
651	0.00011872760466584532
2020	0.0004076431535398828
14511	5.266496048323344e-07
3115	0.0
43	5.591768745518752e-07
175	0.0
5821	0.0036726582742556543
13882	4.3976443025389954e-05
9116	0.0003603733781667384
8655	1.5881293076627834e-06
2655	5.155501173490717e-07
11003	0.00015633815882176765
13384	1.3667511565878036e-05
2151	5.993618258737285e-06
1188	0.00011706476573651612
8157	0.0
5763	0.0004193885253043738
4755	0.0
2592	8.74032656882579e-05
9158	0.0
1031	0.00015135988296672656
2338	0.0
10365	0.0008767866850444626
4914	0.004661899938646075
7493	0.002085644899339361
19	1.6584904666913915e-06
622	0.0
12553	0.00011457175451335851
6156	0.0
4120	0.0
14235	0.0001310698602639493
14512	7.42553799244493e-06
3497	0.0
2870	0.0
3796	0.0
2341	0.005178858719394219
8986	0.0
5501	0.0
12123	4.475228399978707e-06
2350	0.0
13430	0.0
8826	0.0020684388822137466
1837	0.0
8701	0.0
925	6.447551435688378e-05
66	0.0004076431535398829
8681	0.0
5359	0.0002493087143806415
7750	0.0
8159	0.0
5474	2.398663594302746e-07
3233	0.0
4025	0.0
745	0.0
8028	0.00439948540180535
6272	0.0
3228	0.0
10640	0.001266472317898612
11005	1.2741855299026992e-06
9328	0.0
2565	0.0022487260789183514
815	0.0
13591	1.9920248245794336e-06
4658	2.0684559763302873e-05
10185	7.0953015504390345e-06
14052	0.0
823	0.0
13222	2.8674149569964843e-07
2856	0.0
306	0.00010947865225712598
766	0.0
13914	1.682627520285966e-07
12552	4.736670472844329e-05
5943	0.0
8344	0.0
14513	6.418717147017619e-07
5079	0.0
12328	0.0031916678820854303
5453	0.0
6813	0.0004076431535398829
2497	0.0
2759	2.4774861386489474e-06
1345	0.0004076431535398829
8252	0.0
9725	9.111937074399703e-05
8895	0.0
8002	0.0
3073	0.0
10622	8.723101008549116e-08
9531	0.0
13353	8.779209346733911e-06
1433	8.366719915293226e-08
8231	0.0
13206	1.0548953109241193e-06
6300	0.0
10946	0.0
13094	7.631287648611224e-05
9462	0.0
14514	3.1499786230074567e-05
12121	0.0013478296173815953
7816	0.0
351	0.017756990416532295
13741	7.356960838168209e-06
12420	8.726267987167066e-07
4669	0.0
6577	0.0
9739	0.012417957434355295
4444	0.0
9824	0.0004076431535398829
549	0.0
9896	0.002036919192783575
7308	6.977576030586888e-07
14189	0.0004079579446510738
7183	0.0006963772031314437
9083	0.009587160165040605
9901	0.0
6296	1.3395441919763584e-07
5329	0.00043792088158212073
11905	7.349526994452172e-07
2466	0.012355728905891544
11385	0.006251329660494512
2052	0.0
5711	1.9217092502618523e-07
10822	0.00034972181894857946
9236	3.0128492329754937e-05
14044	8.967433503701088e-06
13090	8.914897227979737e-05
9406	0.0
9101	0.0011892374162252334
13852	0.00019704445097733702
4029	0.0
1216	0.00039780425357168614
90	0.0
11262	0.0
14515	1.1607551987447076e-06
7599	0.0009406625035757345
14367	0.0
13248	0.00010600346634631533
2416	0.0
739	0.0
7063	0.0
8090	5.655375494105162e-06
992	0.0
14516	1.2937966693091984e-05
5256	0.0
4584	0.0
2000	0.0
10993	0.0009069494442234672
275	8.502785260574253e-06
3550	0.0
11849	0.0
1674	0.0
8848	1.2965749158393222e-06
4206	0.0
3529	5.569052214883321e-06
5843	0.0
1444	0.0
5873	0.0
1647	5.155501173490717e-07
9975	6.456494739875723e-07
7698	0.0
8078	0.001222540488144897
10136	0.0007788690444523767
11300	0.0005791350923462001
1464	1.1076720801925141e-05
4004	0.00041078363787838327
9004	0.0009083050612086063
1566	0.0
13190	0.005469285971131797
11985	0.0008574011927872439
14026	0.0
2637	5.155501173490717e-07
12533	6.204565233988614e-07
7667	0.0
8440	0.0
857	0.0
4624	0.0002137645393052616
4198	0.0
11133	0.0004740658338934221
5383	0.0
2062	0.0
738	0.0
894	0.0
910	0.0
7885	0.0
12077	3.511297661889988e-07
12862	0.002335310338329791
10292	0.00039172605092430694
7927	7.279609265004921e-05
14517	1.3374056348845866e-06
2986	0.0
14518	0.0
3882	0.009120737267010428
14519	1.1157470655210473e-07
917	0.0
10426	0.0002493087143806415
1596	0.0
84	0.00017446367940148212
14520	7.104439395028305e-05
8088	0.0
3088	0.0
8517	5.155501173490717e-07
14172	0.0020274112589239272
3339	0.0
12936	2.290433147930467e-05
11440	7.821325298020125e-05
3449	0.0
2922	0.0
4209	0.0004076431535398829
13843	0.0001183593845728167
12718	2.7826900903260407e-06
13544	2.0993577349350993e-05
6046	5.6645577370600236e-06
5595	0.0
989	0.0
7707	0.0
3877	0.0
3548	0.0
144	0.0
4724	0.0
7613	0.0
9196	0.0010691612439274556
8135	0.0
4367	0.0
13300	0.0
5293	0.0
3895	4.259551362654895e-05
13822	0.0010603661113342544
8073	0.0007981804826892477
5544	0.0003521596009247708
2032	0.017193231671487327
1496	0.0
2483	0.0
3236	0.0
6291	0.0
10846	0.0010571921962151452
6771	0.0
10710	0.0
13704	0.0
8789	0.0
250	5.155501173490717e-07
4058	0.004844981928614694
4303	0.0
13621	2.0523769165475155e-06
4256	1.7347522811834442e-05
14219	0.0
4604	0.0
13932	0.0
8755	1.5151639825391258e-06
1369	0.0
9642	0.0004872058933313255
9455	0.0
8813	0.0
297	0.0004076431535398829
677	0.0
3249	0.0
2894	0.0
3519	0.0016290167242605244
3512	0.0
8224	0.00019722887759864496
13253	7.311035080757832e-08
12444	0.0
1134	0.0
6883	0.00012176948517948572
6669	9.997140030754908e-05
6064	0.0
10017	0.0
8047	0.001222540488144897
1288	0.0
14521	2.0312246476559792e-05
3468	5.186299663357289e-06
14522	0.0
4099	0.0
4387	0.0
14124	7.848574333072666e-05
7423	2.098610091861129e-07
4709	0.0
7768	0.0
7448	0.0020684388822137466
9325	3.6580811597531374e-05
11382	0.00014886802223448218
12566	0.005143838068349922
4244	4.037863228909416e-08
13262	0.0013655080252540886
6808	0.0012681209899589488
1247	0.0
979	0.0
11497	0.001083850161624849
14523	8.307856541921154e-07
8193	0.0
9401	0.0015764128125376796
11527	0.005475799476408651
8644	0.0002493087143806415
12988	0.0004246311053110989
1749	0.0
10424	8.726267987167066e-07
4445	0.0
7266	0.0
3137	0.0
13813	0.0
189	0.0
10179	0.00038021067533831876
13308	0.00015941312868697225
1189	1.918804972223133e-07
8501	0.0004069464470871687
2807	0.0
13837	0.0
1842	0.0
5062	7.201744844450791e-05
5685	0.0002104857653027591
12251	0.0004088233921955967
8029	0.0
4920	0.0
14123	0.0
4355	0.0
10817	0.00039213680361436414
13228	0.0
11517	1.852864423619775e-06
12275	3.094440008478656e-06
1612	0.0
2140	0.0006113350728182404
7641	0.0016291463817521084
5702	0.0
12538	0.00028940765332862583
5907	0.0
12843	0.0005334876973591002
11196	0.0
5083	0.005641144457967228
10837	0.001870816862192151
8928	0.0
4014	0.0
4901	0.0
4998	2.1707314404264334e-07
8243	2.0684559763302873e-05
10703	0.0
1140	1.9448623737589834e-06
13756	0.0
5269	0.0
12772	0.0034144457938889376
4391	3.8100318371441147e-05
12788	8.726267987167066e-07
7312	0.0053519305199814255
1695	0.0
8533	0.0
1191	4.851041409814729e-05
5299	0.0
12196	5.259221849977333e-05
2669	9.055843876269022e-07
11365	0.0005422055728878136
5656	2.7639684317019198e-06
3567	0.0
13468	1.461870612759372e-06
9315	3.4332430219351063e-07
14288	0.00028179582134511843
3764	0.0
6688	4.7090210236399705e-06
8694	0.00016466055718913642
2472	0.002270593012411054
204	0.00017782172995161688
14242	0.0017242140046970502
7894	2.0684559763302873e-05
4683	0.0008151566495881819
10295	0.0
8195	3.112227336921097e-05
1519	0.0
4494	1.2965749158393222e-07
3221	0.003253884408790363
14280	0.0
4716	9.572994644516228e-05
3147	0.004876688378245823
2810	0.0
4429	0.0
5798	0.0
8324	0.0
3549	0.007297901571293209
7814	0.004281980788982129
9605	0.0
5458	0.0
10821	3.862197590856744e-06
11444	0.0
10306	0.0
177	0.0
8557	0.0013942600698469872
8893	1.4109298917743546e-06
1876	0.0007429900460938219
10853	2.283032186070203e-06
2668	0.00022355261006173455
4105	0.0
13058	0.022983685764376722
14524	3.699046479137413e-05
232	0.0001746161993598191
8092	7.358259607906665e-05
3729	0.07666844516359046
172	0.0
11142	0.0
12518	2.861241121984109e-06
1462	0.012561140856706503
1361	0.0
14009	0.0
1641	0.0
2607	0.0
1471	0.0
905	5.587177626909795e-07
7909	0.0
3432	0.01534428834674589
6368	2.5931498316786444e-07
6054	2.5931498316786444e-07
7293	0.0
10667	0.0022487260789183514
7021	5.58852394987039e-07
2799	0.010075093945145318
8052	0.0
7407	0.0
8675	0.0
5142	0.0
1009	0.0
10857	6.037748060376362e-08
13067	1.7304326136509083e-07
2402	0.0004076431535398829
11268	0.0
1490	0.0
6825	0.0
8446	0.0007238499738613893
12995	0.00034177084286697465
2189	2.9371655977012442e-06
3705	0.0
10341	0.0
7865	0.0
10841	0.00040764315353988297
12067	0.004240833635610139
2230	0.0
583	2.8262383563653507e-05
9900	0.0
10265	0.0013921066175623725
12476	0.00012187882357594594
13025	1.0548953109241193e-06
11	0.0004340133505127231
8300	0.0
2135	0.0004921881392410442
3295	0.0
6396	0.0004076431535398829
14251	0.0
3174	0.0
991	0.0
2074	0.0
7873	0.0
9879	0.0
5952	0.0
7517	0.0
13941	1.2857701248739945e-07
931	0.0004076431535398829
3803	0.0
13635	5.4590597999462256e-05
8573	0.0
10242	0.0008170814598937211
5980	0.005138021696365911
7548	0.0002742669903661268
1895	0.0
7911	0.0
6242	0.0
1128	0.0
2822	0.0004076431535398829
2821	0.0
13328	0.001771400195072961
7145	0.0
13116	0.0
4639	0.0008845923693658654
2407	0.0
7055	0.0
6811	0.0
14067	0.0
2153	0.0
1803	0.0
10943	0.00010305440987734008
364	1.8956021256097685e-06
2550	0.0
3785	0.0
5331	0.0
3048	0.0
4602	0.0
6424	5.4023954826638425e-09
4801	0.0
3657	0.0
8325	0.0
1690	1.6043378715364773e-06
1210	2.3977705618373276e-06
14525	0.0
8164	0.0
3750	4.4299642957843516e-08
1586	0.0
8892	0.00024262847268881628
13212	0.0010128629426746432
13739	0.00038749900594836124
8817	9.237821626291696e-06
7969	4.1540482138667896e-05
8055	0.0
673	0.0
6451	0.0
4554	1.8237644165031724e-08
2780	0.0
14084	0.0
4872	0.0
5761	0.0008331394219495669
12699	7.731428201856699e-07
693	0.0
5996	0.0
796	7.358259607906665e-05
837	0.0
12804	0.001659039486812269
14363	0.0
9341	0.00298037782381637
14174	0.0
14526	1.9580551344047202e-07
13762	0.0
810	1.3285098952502153e-06
3319	0.012360598228838907
7972	0.0
1615	0.000407643153539883
13874	0.0
5918	0.0
10959	0.0005833240326094621
5063	0.0
2232	0.0004076431535398829
8785	0.0
353	6.526277139976451e-05
42	0.0
14130	1.649766801800583e-05
14368	0.0008259062275233453
8626	0.0
6454	0.0
7568	0.006237416129743453
6957	0.0
8128	0.0
771	0.0
2909	0.0
6682	0.0
4771	0.0
13285	0.001230972782032058
12895	0.0
2723	4.548253942738722e-05
9217	0.0
12589	0.0
1232	0.0
10318	0.001225572150820423
201	0.0003716903729366199
10651	0.00033035801797308466
1223	0.0
9609	0.0
11072	5.3969559576829524e-08
3908	0.0
12656	0.0
3406	0.0
3106	0.0
5419	0.0020356226178677357
11147	0.001629794669210028
2589	1.0827746047439692e-06
1982	0.0
6080	0.0
2289	4.610996224338284e-07
1741	0.0
3734	2.0684559763302873e-05
10096	0.0008151566495881821
263	0.0
11477	0.00046464765585746225
5226	0.00022301214785000492
661	0.0
241	0.0004076431535398829
240	0.0
2108	0.0
6418	0.0007981804826892477
6610	0.0
310	0.0002370328946413359
12975	0.0
7279	7.324288101524656e-05
8664	5.155501173490717e-07
7285	8.859876511280912e-06
6992	0.0
6680	0.0
6540	0.0
5726	0.0
2348	0.0
2349	0.0
2327	3.91198775956383e-07
4390	0.0
9935	0.0034701976295877287
13286	0.007583889779137267
11534	0.0
12610	0.0
2670	0.0
6164	0.0
4655	0.005965238738966965
428	0.0
1472	0.0024419691964917794
7363	0.0
11337	2.7101377542191022e-05
3491	0.0
10312	0.0
3782	0.0
13817	0.0
457	0.0
8156	0.0
14048	0.0
11153	0.0
12694	0.0014218016579374238
6124	0.0004076431535398829
7181	0.0
5690	6.962864085807142e-05
9581	2.6075106697381616e-07
12491	0.0
4598	0.0
9937	0.0
11449	6.771846630083495e-07
4947	0.00018379422784769154
7071	0.0
6773	0.0
3935	0.0018803761020276838
3888	0.0
10931	0.0005125052066244977
6153	0.00021955838523464972
7378	0.0
280	0.00033619021706462175
6767	0.0004575817448696529
7377	2.2031385689504407e-06
7284	0.0
10355	0.0004872058933313255
14167	3.131488708907776e-05
5426	0.0
11412	5.5777928180074614e-08
7074	0.0
1864	0.0
12703	9.852911492466958e-05
1384	0.0
13437	0.0
797	0.0
6361	0.0
6684	0.0
3398	0.0
11547	0.0017947142511675197
7952	0.0
9243	1.4463971180434697e-05
7258	0.0004076431535398829
1825	7.324288101524656e-05
6237	2.0684559763302873e-05
5401	5.137032233176909e-07
14527	6.047409147341168e-07
12334	0.0
7812	0.0
3833	1.9250439736953686e-07
4616	0.0
8698	0.0
1917	0.0004798372942813913
7622	0.0
9766	0.0
3780	9.537344784097181e-05
952	0.007279135804674715
6731	0.0
5637	0.0
9651	0.0
9263	0.0
1339	0.0
4090	8.120363295419366e-05
7659	6.224210118945427e-05
7474	0.0
11263	0.0
3029	0.0
590	0.00011329899211680028
10991	1.5299758355588823e-05
5928	0.0
1491	0.0004076431535398829
4735	0.0
7823	0.0
12992	3.0704881343566246e-06
1554	0.0
578	0.0010360321118693702
12402	4.1981901450859756e-05
257	0.0
3122	0.0
2621	0.0
10266	0.0
14074	0.0
8793	0.0004892838638580825
2099	0.0
1087	0.0
613	0.0
9649	0.0
2179	6.339185580823594e-07
8770	3.6586946723684085e-05
9635	1.9217092502618523e-07
2485	0.0
2224	0.0
574	0.00011457215413045024
10733	0.002917992270454156
2742	0.0
14362	6.284349027658851e-05
5820	2.842954032136369e-07
13901	0.0
4866	0.0
3813	1.5454254532943213e-05
7849	0.0
14086	4.6046431865575195e-05
5534	0.0004076431535398829
7471	0.0
3394	1.1473377375657921e-05
5307	0.0
11219	1.595117362524686e-07
10052	0.0
3536	0.0
2301	0.0
5852	0.0
211	0.0
5177	0.0
13043	5.3313808696657555e-05
14137	0.0
8575	0.006092668540501774
12468	1.339373113818867e-07
12768	2.7187409431140876e-05
9420	7.3114885280768955e-06
2567	0.0
13805	0.0
8960	0.0
8360	0.00031372749897940475
4492	0.0028480564601326554
2392	0.0
8034	0.0
4646	0.0003603733781667384
971	0.0
2310	1.2965749158393222e-07
1294	0.0
6566	0.0
12539	6.383058891231201e-07
10349	7.883870512029217e-05
12852	1.2937966693091984e-05
13645	2.69030516554066e-05
11880	0.0
5783	0.0
8120	0.0
5406	0.0
546	0.0004076431535398829
10499	6.900831087659762e-06
7617	0.0
3693	0.0
2571	0.0
4245	0.00021600696444489155
14528	0.0
752	0.00016418524192766696
14529	0.000696798257078892
3804	0.0004076431535398829
7869	0.0
10481	0.0
3061	0.0
838	0.0004076431535398829
1489	0.0
10290	0.0018262604672328125
8396	0.0
1922	0.0
9796	0.00069668114874457
5652	0.0
6996	0.0
11105	0.0
12624	1.873559226322696e-06
4535	0.0
6496	0.0
839	0.0
5012	0.0
6666	0.0004076431535398829
12360	0.0
3521	0.0004076431535398829
3194	0.0
5984	7.229991050522533e-07
10055	0.0
13450	1.252203811240741e-07
14016	0.0
7961	0.0
5543	0.0
7725	0.0
10298	0.00040764315353988297
8862	0.0
8373	0.0
14530	0.0
7454	0.0
5720	0.0
5000	0.000156670966708049
2244	5.197639856597408e-07
273	0.0
1730	0.0
11255	2.7752722946754374e-07
9051	0.0001132307645146135
10126	0.0
3475	0.0
147	1.3087339992790816e-07
10909	0.0071923397416811
14531	0.00013133494058069196
7178	1.5700748471408814e-06
7531	0.0
6433	0.0
2878	0.0022077493652273555
7819	0.0
8491	0.0
3470	0.0
1544	5.155501173490717e-07
4772	0.0
12717	1.428598918200548e-06
14220	0.0
9167	0.0
5518	0.0
11532	0.0
10782	0.0
7979	0.0
1370	1.72917767457911e-05
2415	0.0
266	0.0
7607	0.000156670966708049
8118	0.0
4378	0.0009324143473778288
7651	0.0
12380	0.0
5087	0.0
10617	0.001629794669210028
13950	0.0
10749	0.00011846700742372119
3307	0.0024419691964917794
6541	0.010911399745475708
1106	0.0
884	0.0
7022	0.0
4607	0.0
3273	0.0
8398	3.439006695677823e-07
7648	0.0
13433	6.488089873353573e-08
359	7.451891654171754e-07
1313	0.0
5747	0.0017445062229245935
3838	0.0
6687	1.6392007699438349e-06
598	0.0
9119	0.004099838753739262
4577	0.0017845184647999773
13912	0.0
6262	0.0
1838	0.0
411	0.0
6005	0.0
10979	0.0012359398346829312
14264	0.0
14532	0.008741924024946283
10260	0.0
4238	0.0
4507	0.0
9904	0.0
2943	0.0
585	0.0
5586	0.0
14269	0.0
8435	0.0
3162	0.0
2691	0.0
3586	0.0
4737	0.0
3119	0.0
4520	0.0
1506	0.0
2446	0.0
5919	0.0004076431535398829
11178	0.0
9030	0.0
3200	0.0
6858	0.011324406051351245
1728	0.0
2665	0.0004076431535398829
9307	0.0
11098	0.0
7820	0.0
5162	0.0
1644	0.0
4241	0.0
1903	0.0
5902	0.0
430	1.0624702764134562e-06
9128	3.377918859686656e-08
4410	0.0
13823	0.0
13370	0.0
4159	0.00010316994206748412
9355	0.0010829425888728434
10462	0.0
3126	3.3509984128528465e-06
13728	0.0
7194	0.0
13514	0.0
1315	0.0
7205	0.0
5651	0.0004076431535398829
14155	0.0
6288	0.0
407	0.0
10990	6.960270777894447e-08
5692	0.0
3960	0.0
2677	0.0
1207	0.00024638118489901987
1124	0.0
3415	0.0
8059	0.0
1568	0.0
1921	0.0
6579	0.0
1538	0.0
4474	0.0012681209899589488
7017	0.0
3424	0.0
1720	0.0
3918	0.0
12549	0.0005803604285817329
1142	0.0
9079	0.0009487470850835317
9707	0.0
5912	0.0
12821	2.3597816044290773e-06
11423	0.0
14201	0.0
5565	0.0
11496	0.00024112713456648493
12928	0.0016631057994835753
10620	0.0
7289	0.0
3431	0.0
9437	0.0
7070	0.0
5794	0.0
2709	0.0
6695	0.0
4161	0.0
10278	1.690897331636256e-06
5098	0.0
2237	0.0
11340	0.0031284942765167694
8823	0.0
4422	0.0
8420	4.900931554427917e-05
3461	0.0
7502	0.002170239508504716
5338	0.00030817390312199024
4631	0.0
6800	0.0
6649	0.0
3458	0.0
3291	0.0
13054	0.0
11993	0.0
13174	0.0
11209	0.0
14533	0.0
2997	0.0
7986	0.0
13121	1.0548953109241193e-06
512	0.00040764315353988286
8105	0.000655485623202064
4063	8.456807639916494e-05
8964	0.0
2645	0.0
6775	0.0
6186	1.2965749158393222e-07
5507	0.0
4085	0.0
3793	0.0
12246	0.000815026992096598
2904	0.0
9816	7.01029957593637e-05
6595	0.0
5467	0.0
807	0.0068946667724671794
6465	0.0
4424	0.0
6103	0.0
493	0.0
217	0.0
11002	0.002517155190014786
13978	0.0
1653	0.0
6718	0.0
3072	0.0
2010	0.0
13087	1.0548018285916365e-06
1685	3.264270538372069e-06
5328	0.0
3783	0.0
2782	0.0016290167242605244
4027	0.0
4398	0.0
12369	6.946815405351356e-06
5645	0.0
1270	0.0
1197	0.0
6041	0.0
8181	0.0
1860	0.0
8989	1.2965749158393222e-07
11245	0.0
13191	0.0
2277	0.0
9724	0.0
317	0.0
6165	0.0
9238	0.0
3320	0.00015316751064525287
6554	0.0
6004	0.0
3430	0.00035510721617380435
13998	0.00014232494474180008
5391	0.0
2602	0.0
9849	0.0
879	0.0
8568	0.0
10586	0.0003873088233167108
6995	0.0
12836	0.0
11273	0.0008627697982758486
4214	0.0
202	0.0
4557	0.0
14135	0.0
6589	0.005178858719394219
3811	0.0
3650	0.0
8337	3.889724747517967e-07
5466	0.0
2131	0.0
13120	0.0
12916	0.0
14534	2.923829377645711e-07
7705	0.0015129620229726276
7699	0.0
12880	0.0
14055	0.0
6411	2.1707314404264334e-07
7246	6.829659022156796e-05
6122	7.102349261208731e-07
1102	0.0
970	0.0
3984	0.00011142142238073343
4991	0.0
9509	0.0
4064	0.0
3442	0.0
9068	0.0
620	0.0
9758	0.0
8144	0.0012681209899589488
1916	0.0
7189	0.0
3077	0.0
10669	0.0007346003550315654
10105	0.0
6003	0.0
1989	0.0
1636	0.0
4257	0.0
4893	0.0
8183	0.0
3210	0.0
4434	0.0
532	0.0
5137	0.0
4729	0.000815026992096598
4035	0.0
7706	0.0
803	0.00011037040498038949
811	3.2651832823720546e-05
3222	0.0
4475	0.0
3149	0.0
2755	0.0
4583	0.0
9477	0.0
3791	0.0
12698	0.0
736	0.0004076431535398829
6485	0.0
4750	0.0003716903729366199
5081	0.0
7596	0.0004076431535398829
7231	0.000815026992096598
10376	0.0
3386	0.0
12651	0.0
7073	0.002481526549333255
14254	0.0
4163	0.0
716	0.0
5564	0.0
5796	0.00011223505849462487
4782	0.0
13910	0.0
1118	0.0
1236	0.0
343	0.0
11286	0.0
633	0.0
193	0.00034048297992348564
8959	7.641039611973408e-05
4412	0.00033619021706462175
826	0.0
6713	2.2041773569268476e-06
14037	0.000407643153539883
7603	0.0
2928	0.0
1351	0.0
8559	0.0
379	0.0
3490	0.0
12871	8.726267987167066e-07
4455	0.0
9327	0.0
2425	0.0
1784	0.0
5206	0.0
1047	0.0
437	0.0
12240	7.69922092549763e-07
4411	0.0
8076	0.0
4522	0.0
1686	0.0
2750	0.00019507749295137006
9569	0.0
1077	0.0096587921104368
6988	0.0
11596	0.0
8113	0.0004076431535398829
4018	0.0
6558	3.1117797980143735e-06
11397	0.0
2791	0.0
3423	0.0
8593	0.0
9560	0.0001132307645146135
3867	0.0
11120	0.0001778239695747457
9276	0.0013743883897728772
3436	0.0
8723	0.0
7854	0.0
668	0.00011986219344605002
8882	0.0012221515156701451
2808	0.0
4618	0.0
9608	0.0
9547	2.2506933123198604e-05
1820	0.0
681	0.0
6823	0.0
3686	0.0
11769	0.0029944286140955838
5295	0.0003792116568034921
13420	2.4751297080261983e-06
4180	0.0
14261	0.0
9434	0.00010983460865362596
4260	0.0
13830	0.0
2314	0.0
1418	3.8100318371441147e-05
7168	0.0
2186	0.0
6458	0.0
1362	0.0
7631	1.1502395247532173e-06
8191	0.0
1762	0.0
13030	0.0
5254	0.0
1556	0.0
8134	0.0
1691	0.0
909	0.0
8543	0.0
5421	0.0002493087143806415
6911	0.0
10980	0.0
10391	0.0022989114393076014
5283	0.0
3296	0.0
6568	0.0
1245	0.0
1025	0.0
8170	0.0
13001	0.0008150269920965982
9147	0.0
9698	0.001254648379596739
13539	0.0
10840	0.0
3554	0.0
13791	7.1922401076095e-08
1039	0.0
13014	7.311035080757832e-08
8876	0.0
12625	3.0704881343566246e-06
5388	0.0
6132	0.0
2406	0.0
9076	0.0
3520	1.0554164763700461e-07
8163	0.0
3314	0.0
1285	0.0
5944	0.0
9625	0.0
179	0.001421717296998598
4043	0.0
4341	0.00023500757096800947
7633	2.0684559763302873e-05
3036	0.0
2841	0.0
7434	0.0
316	0.0
7422	0.00010044063853130877
3870	0.00014076169948257122
10797	0.0
8167	0.0004860659100350165
5660	0.0
9010	0.0
9500	1.353637249371484e-05
2968	0.0
2715	0.0
401	0.0
7370	0.0
6940	0.0
12900	0.001194377202811408
7900	0.0
3311	0.0
14308	0.00018873787366904034
8474	6.973659562932813e-07
3610	0.0
9171	0.0020684388822137466
7012	0.0
6981	0.0
139	0.0
6141	5.155501173490717e-07
6480	0.0
5479	0.00040764315353988297
11450	0.0
4325	0.0
2149	0.0
3183	0.0
4990	0.0
4870	0.0
6088	0.0
5275	0.0
10552	6.782725137609383e-07
9346	0.0
14143	0.0020356226178677357
7734	0.0
1745	0.0
9817	0.0
9964	0.0
4638	3.1117797980143735e-06
2673	0.0
13918	0.0007480593710286427
8534	0.0
4908	0.0
7935	0.0
9130	2.083162534656533e-06
949	0.0
2255	5.155501173490717e-07
11159	0.0
2726	0.0
8302	1.2965749158393222e-07
7679	0.0
8628	0.000407643153539883
3531	0.0
5430	0.0
1081	0.0
6672	0.0
7006	0.0
1447	0.0012221515156701454
3203	0.0
11464	0.0
4295	0.0
7672	0.0
10223	0.0
12769	0.0
9075	0.0
2431	1.2965749158393222e-07
866	0.0002036919192783575
7587	0.0
13205	0.0
13995	0.0
13788	0.0
11353	0.0
7053	0.0
10950	0.0
1356	0.0
9700	0.0
14011	0.0
1776	0.0
13122	0.0
10561	0.0
3267	0.0
5151	0.0007490486787278095
1623	3.1770289240755805e-06
2037	0.0
6126	1.9217092502618523e-07
14177	0.0
14222	0.0
520	0.0
2964	0.0
7385	0.0
9382	0.0
244	0.0
9866	0.0
9	0.0
4184	0.0
134	0.0
8643	1.9217092502618523e-07
4037	0.0
9333	0.0
9427	0.0
6707	0.0
7741	0.0
5757	0.0
4077	0.0
5512	0.0004076431535398829
9120	0.0
32	0.0
3189	0.0
7670	0.0
1567	0.0
8235	0.0
14058	0.0
4436	0.0
13857	7.459224407884517e-05
943	0.0
4612	0.0
2700	0.0012681209899589488
11103	0.007764965994866476
3444	0.0006279074651205828
2393	0.0
13091	4.213765902817784e-05
8699	0.0
13259	1.142966024715799e-06
13316	3.974308315932896e-05
2800	0.0
13923	0.0
10747	0.0
2197	0.0
3216	0.0
8635	0.0009088518346826035
14204	0.0
6929	0.0
7470	0.0
5715	0.0
4293	0.0
8226	0.0
7547	0.0
7196	0.00011399940794695558
592	0.0
8930	0.0
13013	0.0
2642	0.0
3166	0.0
4702	0.0
2262	0.0
1482	0.0
3152	0.0
4141	0.0002493087143806415
1702	0.0
3722	0.0
4944	0.0
9410	0.0
9984	0.0
14535	2.7359042548418105e-06
3983	5.103102615097025e-07
7968	0.0
11190	0.0
13035	0.0
3681	0.0
14293	0.0
5521	0.0
2168	0.0
2246	0.0
1802	0.0
1084	0.0
845	0.0
5813	0.0
7226	0.0
10253	0.0
7002	0.0
2122	0.0
1222	0.0
4160	0.0
14536	0.0
1176	0.0
5571	1.1148028690121882e-05
7497	0.0
8641	3.889724747517967e-07
3413	0.0
4798	0.00012215182478647504
13829	0.0
6078	0.0
6792	0.0
5962	0.0
619	0.0
2711	0.0
2018	0.0
7539	0.0
1451	0.0
2039	0.0
6193	0.0
2133	0.0
1639	0.0
11238	0.0
1971	0.0
6113	0.0016485501267344332
13185	0.0
3383	0.0
5855	0.0
7229	0.0
6725	0.0003741898393200409
9745	0.0
2362	0.0
11683	0.0
9733	0.0
6450	7.875240343667637e-05
3757	0.000815026992096598
3690	0.0
9267	0.0
8659	0.0
5198	0.0
6612	0.0
8385	0.0
2926	0.0
4119	0.0
1786	0.0
3723	0.0
4034	0.0
4471	0.0
5073	0.0
3856	0.0
7697	0.0
6087	0.0
10663	0.0
7908	0.0
8956	0.0
12857	0.0
10509	0.0003875406493200905
7297	0.0
7859	0.0
14142	2.7245199339104218e-05
1029	5.83458712127695e-07
3143	0.0
11512	0.00020589609663528436
543	0.0
706	0.0
7676	0.0008158641061394833
234	1.0174044607612032e-06
2787	0.0
12592	0.0
3193	0.0
6839	0.0
8577	0.0
4956	0.0
13118	2.7245199339104218e-05
2480	0.0
6290	0.0
12935	1.142966024715799e-06
8632	7.324288101524656e-05
8107	0.00019057501774424754
8687	0.0
4907	0.0
3055	0.0
8590	8.726267987167066e-07
12812	0.0022743604959106715
10230	0.0
3535	0.0
1766	0.0
6574	0.0
14340	1.44337299404522e-05
654	0.0
2144	0.0
5166	0.0
1063	0.0
2618	0.0
7852	0.0
9556	0.0026345105714939182
12695	0.0
8301	0.0
195	0.0
2540	0.0
8459	0.0
3672	0.0
10518	0.0
5916	0.0
10924	0.0
4432	0.0
5456	0.0
4384	0.0
1454	0.0
12570	0.0
3397	0.0
11146	0.0
3900	0.0
586	0.0
3676	0.0
14169	0.0
2211	0.0
4352	0.0
12443	0.00020314193952282564
805	0.0
7265	0.0
10148	0.0
5634	0.0
4818	0.0
14203	0.0
6923	0.0
7494	0.0
10812	0.0
10074	0.0
11163	0.0
1609	0.0
1078	0.0
10521	0.0
3148	0.0
8250	0.0
6090	0.0
7043	0.0
5365	0.0
617	0.0
3248	0.0
5454	0.0
1812	0.0
4	0.0
528	0.0
4996	0.0
3352	0.0
8686	0.0
4363	0.0
3214	0.0
5233	0.0
941	0.0
729	0.0
3973	0.0
7035	0.0
4075	0.0
8624	0.0
730	0.0
380	0.0
4048	0.0
7595	0.0
1114	0.0
4794	0.0
10123	0.0
10310	0.0
2949	0.0
4144	0.0
14154	0.0
7079	0.0
3371	0.0
4769	0.0
25	0.0
1266	0.0
6663	0.0
509	0.0
10644	0.0
5220	0.0
8006	0.0
12456	0.0
8430	0.0
2344	0.0
7807	0.0
9084	0.0
1817	0.0
2876	0.0
5009	0.0
7317	0.0
666	0.0
5712	0.0
8612	0.0
14537	0.0
7176	0.0
14157	0.0
14538	0.0
5448	0.0
2515	0.0002493087143806415
3493	0.0
8172	0.0
14085	0.0
5066	0.0
735	0.0
10102	0.0
2139	0.0
789	0.0
4629	0.0
611	0.0
14539	0.00043306087187867356
9983	0.0
9419	0.0
4997	0.0
2306	0.0
12562	0.0
1716	0.0
1453	0.0
7943	0.0
12926	0.0
2998	0.0
12696	9.307283356489169e-05
6469	0.0
13748	0.0
10869	0.0
10737	0.0
3721	0.0
10082	0.0
14182	0.0
2486	0.0
3499	0.0
9078	0.0
7516	0.0
8444	0.0
2918	0.0
3132	0.0
9929	0.0
13310	0.0
3738	0.0
4941	0.0
13999	0.0
8780	0.0
9657	0.0
3993	0.0
4275	0.0
13110	0.0
168	1.6468038038607793e-07
6066	0.0
10198	0.0
1332	0.0
8153	0.0
723	0.0
3027	0.0
1179	0.0
5085	0.0
5104	0.0
9821	1.2937966693091984e-05
5844	0.0
1020	0.0
7891	0.0
5727	0.0
145	0.0
13064	0.0
13012	0.0
9122	0.0
881	0.0
2543	0.0
13038	0.0
14066	0.0
6907	0.0
2988	0.0
2899	0.0
2615	0.0
12866	0.0
2220	0.0
10467	0.0
9373	0.0
1677	0.0
1072	0.0
7193	0.0
7828	0.0
4511	0.0
10554	0.0
3866	0.0
224	0.0
14075	0.0
10606	0.0
901	0.0
4706	0.0
12282	3.09821854560274e-05
1740	0.0
167	5.155501173490717e-07
1095	0.0
4242	0.0
14540	0.0
13207	1.0548953109241193e-06
13692	0.0
347	0.0
2045	0.0
13103	0.0
2620	0.0
2429	0.0
13304	0.0
8040	0.0
13279	0.0006617271006777025
13982	0.0
8934	0.0
3123	0.0
13639	0.0
13327	0.0
5427	0.0
6611	0.0004076431535398829
10021	0.0
1387	0.0
14150	0.0
948	0.0
7469	0.00041855014009575434
1818	0.0
2837	0.0
7523	0.0
3732	0.0
4747	0.0
50	0.0
7951	0.0
9489	0.0
1089	0.0
2521	0.0
6891	0.0
3092	0.0
1835	0.0
3441	0.0
10616	0.0
1943	0.0
10087	0.0
8415	0.0
3852	0.0
3020	0.0
1201	0.0
4328	0.0
4408	0.0
9428	0.0
11400	0.004130482720436383
3387	0.0
831	0.0
6274	0.0
13856	0.0
4730	0.0
9526	0.0
3098	0.0
2854	0.0
7702	0.0
5197	0.0
8152	0.0
5013	0.0
14243	0.0
11660	0.0
9475	0.0
4921	0.0
8084	0.0
13508	0.0
5649	0.0
10584	0.0
3205	0.0
12602	0.0
10653	0.0
6704	0.0
6790	0.0
2142	0.0
6161	0.0
9584	0.0
9630	0.0
1202	0.0
3652	0.0
10473	0.0
12473	0.0
182	0.0
6679	0.0
8647	0.0
8242	0.0
6321	0.0
6192	0.0
5672	0.0
13773	0.0
6360	0.0
9696	0.0
7949	0.0
9880	0.0
8427	0.00044383763166776084
5609	0.0
2656	0.0
6431	0.0
8946	0.0
62	0.0
1869	0.0
6697	0.0
13002	0.0
571	0.0
9868	0.0
2694	0.0
1840	0.0
9695	0.0
2271	0.0
12809	0.0
5051	0.0
1774	0.0
3509	0.0
5064	0.0
4016	0.0
4247	0.0
4567	0.0
494	0.0
11324	0.0
14176	0.0
6336	0.0
8829	0.0
9421	0.0
6249	0.0
8819	0.0
2031	0.0
7299	0.0
568	0.0
13944	0.0
1962	0.0
3011	0.0
7052	0.0
3344	2.2893191039131874e-05
2510	0.0
13007	0.0
9514	0.0
10603	0.0
12276	0.0
5026	0.0
76	0.0
7684	0.0
1827	0.0
6487	0.0
181	0.0
7424	0.0
6306	0.0
10191	0.0
9206	0.0
6602	0.0
4066	0.0
5622	0.0
5654	0.0
3799	0.0
5296	0.0
8622	0.0002493087143806415
5673	0.0
5055	0.0
2024	0.0
1897	0.0
4514	0.0
4855	0.0
218	0.0
1381	0.0
5113	0.0
5975	0.0
14286	0.0
7632	0.0
9256	0.0
1150	0.0
2595	0.0
10047	0.0
4561	0.0
12157	0.0
7342	0.0
2546	0.0
4498	0.0
460	0.0
4682	0.0
1237	0.0
402	0.0
6374	0.0
14005	0.0
3438	0.0
14257	0.0
312	0.0
12990	0.0
13975	0.0
