16320	0	36848
36849	6	4962
36850	2	33279
36851	6	4658
31277	6	36852
36853	6	1010
36854	6	17753
36855	6	2747
36856	6	29690
36857	6	35807
36858	6	7704
36859	2	17882
36860	6	495
36861	2	25040
11251	0	36862
36863	6	2258
36864	6	462
36865	6	466
36866	4	702
18711	0	36867
36868	6	2608
36869	6	32589
29805	0	36870
36871	6	33392
36872	6	9629
36873	6	3171
36874	6	462
36875	6	15229
36876	6	30798
36877	12	36878
36879	6	7666
36880	6	1181
36881	6	11709
36882	6	14930
17372	0	36883
36884	6	36813
36885	6	2328
36886	6	8626
22912	0	36887
36888	6	36889
36890	6	3872
36891	6	8888
6231	0	36892
18707	6	36893
36894	6	20568
36895	6	18389
36896	6	26504
36897	8	10209
36898	6	8286
36899	6	7261
36900	6	20829
21784	2	36901
36902	0	16824
36903	6	7679
3810	6	36904
36905	6	19832
36906	6	1410
36907	8	10989
36908	6	731
1997	12	36909
1316	0	36910
3689	2	36911
36912	6	109
36913	8	36914
36915	6	1988
36916	6	24809
36917	6	2110
10489	12	36918
36919	4	11581
36920	6	36921
36922	6	35539
36923	6	1465
4183	8	36924
36925	8	211
1222	18	36926
36927	6	9726
36928	6	4239
36929	4	3318
36930	6	7068
36931	8	1367
36932	8	4013
36933	12	36934
36935	6	1921
36936	2	25523
36937	12	24459
36938	6	17838
36939	6	248
36940	6	25259
27783	6	36941
31157	0	36942
12313	0	36943
36944	8	7307
15515	12	36945
36946	6	6737
36947	6	20948
34901	6	36948
292	14	36949
36950	6	2980
32744	6	36951
36952	6	2354
36953	6	3314
36954	6	1358
36955	6	18565
459	2	36956
36957	6	5027
11411	6	36958
36959	6	1435
36960	6	10523
36961	6	17177
36962	6	4832
36963	6	1607
36964	6	806
36965	6	495
36966	6	21044
36967	2	28885
21468	0	36968
36969	6	3784
24677	6	36970
36971	4	225
36972	6	5984
36973	6	2906
36974	6	16357
1866	0	36975
36976	6	5618
7514	2	36977
36978	8	3331
3202	2	36979
36980	6	10800
36981	6	900
36982	6	2452
36983	6	1801
36984	4	3200
36985	6	2900
428	14	36986
36987	6	26373
36988	6	3740
36989	6	12628
36990	12	11493
15919	0	36991
36992	6	3540
36993	6	423
36994	6	18879
36995	4	11636
36996	6	14143
32222	6	36997
13288	0	36998
36999	6	34062
37000	6	1350
37001	6	2137
37002	6	27631
37003	4	4094
37004	4	29069
37005	6	255
37006	2	1624
37007	6	16193
37008	6	3634
37009	8	3331
28666	2	37010
37011	6	32213
37012	6	16796
37013	6	698
37014	6	37015
35098	12	37016
37017	6	110
1222	18	37018
37019	6	11922
37020	2	6868
37021	6	32597
37022	2	5353
6111	12	37023
37024	6	4568
37025	6	3361
37026	6	860
166	0	37027
37028	2	17375
8650	12	37029
37030	2	24612
37031	6	15688
37032	2	24571
37033	6	2562
37034	8	16468
37035	2	7263
37036	6	33746
37037	6	37038
37039	8	4625
37040	6	13223
37041	6	248
37042	6	8136
37043	4	13207
37044	8	2425
37045	6	18570
37046	4	922
1531	2	37047
37048	6	423
37049	2	10372
36342	2	37050
37051	6	29245
37052	6	10069
37053	6	20556
37054	2	32457
37055	6	2531
33512	2	37056
37057	6	5084
37058	0	25809
37059	6	37060
2639	0	37061
37062	8	1194
7070	2	37063
37064	6	21168
37065	6	23808
37066	4	21747
13172	2	37067
4048	12	37068
166	0	37069
37070	12	30334
9619	12	37071
37072	6	35666
37073	6	2570
37074	6	6211
37075	6	4585
37076	6	14576
14991	2	37077
37078	6	17646
34685	0	37079
6649	0	37080
37081	8	6297
37082	6	12128
37083	8	7611
37084	6	5127
37085	6	7109
37086	6	14918
37087	6	1958
33790	0	37088
13080	12	37089
37090	6	4901
37091	6	16763
37092	6	192
37093	6	2015
37094	6	3855
37095	6	279
1648	12	37096
37097	6	6559
37098	6	26120
3770	0	37099
4536	2	37100
37101	6	13923
37102	6	14110
4237	12	37103
37104	6	24956
19572	2	37105
37106	0	27508
16489	2	37107
12370	2	37108
37109	6	21503
37110	2	13487
37111	0	37112
37113	6	22565
37114	12	2560
28113	12	37115
37116	8	895
37117	6	20745
37118	8	211
15211	2	37119
37120	6	7885
16320	0	37121
37122	6	1466
37123	8	2425
37124	2	3619
37125	6	1842
3721	0	37126
11003	6	37127
37128	6	28869
843	12	37129
10742	0	37130
21297	12	37131
1611	6	37132
23619	0	37133
37134	6	16203
37135	4	22257
37136	2	22175
37137	4	225
37138	6	28196
1092	0	37139
37140	8	1367
11466	0	37141
37142	6	13858
5056	2	37143
37144	4	225
37145	6	30993
37146	6	1484
37147	6	5181
9214	12	37148
37149	6	1995
37150	6	14535
37151	6	1283
37152	8	27405
37153	6	28964
37154	6	4327
37155	6	2273
37156	6	17786
34392	12	37157
37158	6	11281
37159	6	22961
37160	6	14399
37161	6	761
37162	6	32663
31575	6	37163
37164	6	2747
37165	6	17970
37166	6	26824
37167	6	7414
37168	6	37169
37170	2	37171
37172	6	1165
37173	2	9921
37174	6	63
37175	6	18974
37176	6	14679
37177	6	32115
37178	6	17386
37179	8	14058
37180	6	22012
37181	6	10721
37182	4	3503
37183	8	7712
37184	6	16485
18809	6	37185
18800	2	37186
13987	2	37187
8353	0	37188
37189	6	3409
37190	8	211
37191	6	3861
37192	6	28301
37193	2	2567
1257	12	37194
37195	4	34756
428	14	37196
37069	0	37197
37198	6	33789
37199	6	731
37200	6	28041
37201	6	3031
37202	6	18509
21493	2	37203
37204	6	251
37205	8	1600
37206	6	36999
37207	6	1227
764	0	37208
37209	6	19099
37210	6	31924
37211	2	10025
37212	6	5296
37213	2	25295
37214	6	1842
37215	6	883
37216	6	3121
37217	6	1842
37218	6	23595
37219	6	2370
20757	12	37220
37221	6	12460
37222	6	900
37223	4	922
37224	2	36324
37225	12	36369
37226	6	415
37227	6	279
1739	12	37228
37229	4	225
37230	6	10399
37231	6	16110
6680	2	37232
28796	0	37233
37234	6	6656
37235	6	8182
37236	6	8274
37237	6	20290
428	14	37238
37239	6	9580
37240	6	6765
37241	6	8421
37242	6	1775
37243	6	26898
37244	6	3611
37245	6	3207
37246	6	8163
37247	6	2710
51	2	37248
1874	0	37249
37250	6	16668
37251	0	29570
5282	12	37252
37253	6	30507
37254	6	21787
37255	6	2015
4301	12	37256
6122	12	37257
37258	6	32209
37259	4	225
37260	6	18565
37261	12	8190
37262	6	30117
37263	6	32456
37264	6	504
37265	8	14468
6492	6	37266
37267	6	11074
37268	6	26448
37269	2	13355
1264	12	37270
37271	6	698
37272	6	13865
37273	6	2452
37274	6	3983
37275	6	2531
37276	6	698
37277	6	2326
37278	0	34460
37279	6	6498
37280	6	28607
37281	6	4145
37282	6	3784
37283	6	7437
37284	0	30755
37285	8	691
37286	6	13214
17626	2	37287
37288	6	19099
37289	6	1181
37290	2	11778
37291	6	5583
33060	0	37292
37293	6	13116
37294	0	14481
37295	2	10527
37296	6	7898
37297	6	1410
37298	6	1310
17450	0	37299
37300	8	14058
37301	2	252
9094	12	37302
37303	6	6229
37304	6	462
37305	6	12437
37306	6	860
37307	6	3281
37308	2	19741
37309	2	3105
4841	0	37310
37311	6	5356
37312	4	1298
37313	6	26620
37314	4	1453
37315	6	16052
37316	6	248
37317	6	9632
37318	6	3503
37319	6	25052
37320	6	9579
37321	2	21279
37322	6	2860
37323	6	22915
37324	6	18995
37325	6	2631
37326	6	13240
37327	6	19533
37328	6	37329
37330	6	4409
799	6	37331
37332	8	949
20972	2	37333
37334	6	23103
16241	12	37335
8411	12	37336
37337	6	22012
35843	6	37338
37339	6	8528
37340	6	3313
37341	6	72
37342	6	324
37343	4	225
37344	2	4903
37345	6	6054
1901	0	37346
37347	6	3207
37348	6	4403
37349	6	3186
37350	6	409
37351	6	35053
37352	6	4819
428	14	37353
37354	4	225
37355	6	19252
37356	12	28579
37357	6	37358
37359	2	20790
37360	0	37361
37362	2	7416
37363	6	1219
37364	6	5984
37365	6	328
37366	4	469
37367	6	1214
37368	6	3518
10529	0	37369
37370	6	2446
37371	6	6844
19663	2	37372
37373	6	28192
37374	6	3906
37093	0	37375
37376	6	15688
32673	0	37377
37378	2	16474
37379	6	2119
37380	6	3735
37381	6	7310
5095	0	37382
37383	6	15287
37384	6	3784
37385	6	37386
37387	6	6249
1520	0	37388
37389	6	29928
37390	6	30843
32311	2	37391
37392	4	5104
37393	6	3089
37394	4	2122
37395	6	9059
14854	12	37396
428	14	37397
37398	6	16003
19914	0	37399
37400	8	2025
37401	6	707
37402	6	13957
37403	6	37404
20031	12	37405
37406	6	361
31601	0	37407
37408	6	3540
37409	6	248
37410	6	10615
37411	6	9324
37412	6	37169
8571	6	37413
37414	4	225
37415	6	27090
37416	6	18667
37417	6	9575
37418	6	37419
37420	6	32258
37421	6	1569
37422	6	12095
37423	6	3752
37424	8	211
37425	2	26605
37426	6	25389
37427	4	702
37428	6	4004
37429	6	5701
15334	0	37430
37431	6	1585
37432	6	7886
37433	6	16625
21135	12	37434
37435	2	4283
37436	6	4226
37437	6	3992
428	14	37438
37439	6	12764
37440	6	5120
20892	16	37441
37442	6	7611
37443	6	7514
30157	0	37444
37445	6	1577
2019	6	37446
37447	0	2133
37448	6	4009
23389	12	37449
37450	6	7822
37451	6	3277
37452	6	24870
37453	6	13075
37454	6	34531
19579	0	37455
37456	6	14318
37457	4	3885
37458	6	22120
37459	2	11016
37460	6	255
23458	0	37461
37462	6	11631
37463	6	1427
37464	6	3738
37465	8	211
37466	8	1221
37467	0	33028
37468	6	9510
37469	6	987
20453	2	37470
37471	6	13506
37472	2	11564
37473	6	37474
37475	6	12997
37476	6	1683
37477	6	21562
37478	0	333
37479	6	9165
37480	6	30546
37481	6	1782
37482	6	5062
37483	6	34445
22611	0	37484
31391	0	37485
428	14	37486
37487	6	14708
37488	6	10048
37489	6	4974
37490	6	255
37491	6	20520
5651	0	37492
37493	6	353
37494	6	37266
33215	0	37495
37496	8	1053
37497	6	13529
37498	2	7973
37499	6	835
37500	6	24820
37501	6	12084
37502	6	36628
37503	6	14556
37504	6	37505
37506	8	6656
2639	0	37507
37508	6	14931
37509	6	14598
12405	0	37510
30456	0	37511
37512	6	28321
37513	6	9158
428	14	37514
37515	6	8286
37516	2	17986
37517	6	1775
32041	0	37518
37519	6	27403
37520	6	423
37521	6	2987
37522	8	1681
37523	6	10413
26743	2	37524
37525	6	795
37526	6	18509
37527	6	15077
37528	6	3090
428	14	37529
37530	6	1064
37531	4	9040
314	0	37532
23603	6	37533
37534	8	356
37535	12	29624
1427	6	37536
12090	12	37537
37538	6	10580
37539	0	24237
37540	6	16680
37541	6	4658
37542	6	698
17074	6	37543
37544	4	1466
37545	6	711
37546	6	1181
36241	0	37547
37548	6	495
37549	6	4585
37550	8	30071
37551	6	1775
712	18	37552
1724	14	37553
37554	6	5984
37555	6	11357
37556	8	2425
37557	6	36251
37558	6	18956
37559	6	5267
1418	2	37560
37561	6	26355
4385	2	37562
37563	6	34365
37564	6	7233
37565	2	6012
20875	12	37566
37567	6	41
37568	6	3722
37569	6	15420
37570	4	702
37571	8	1053
37572	2	9725
30071	2	37573
37574	6	11709
770	0	37575
37576	6	32109
37577	6	3281
37578	6	3503
37579	6	5011
37580	6	7095
37581	6	3553
37582	6	3855
37583	6	655
37584	6	423
37585	6	1170
37586	6	3398
1999	0	37587
37588	6	1775
37589	6	4341
37590	6	14645
37591	2	4415
25035	6	37592
37593	6	5120
37594	6	548
22228	0	37595
37596	6	18028
37597	6	14111
428	14	37598
7810	12	37599
5730	12	37600
37601	6	7178
28050	2	37602
10137	0	37603
37604	6	11242
37605	8	211
37606	6	5120
37607	8	1681
26080	0	37608
37609	8	7704
37610	4	18677
37611	6	3887
37612	6	9165
37613	6	12712
27075	2	37614
37615	6	2006
33267	14	37616
37617	8	211
7926	12	37618
428	14	37619
37620	8	1221
37621	6	13161
37622	6	2496
31753	0	37623
37624	6	2561
37625	6	9153
166	0	37626
37627	2	11716
10915	0	37628
23843	2	37629
37630	0	30903
37631	6	1410
37632	6	20671
37633	6	14801
37634	6	7753
37635	6	283
37636	6	5984
37637	6	552
37638	8	3268
37639	0	37640
1373	6	37641
20975	6	37642
37643	6	23188
7144	12	37644
37645	6	9027
37646	6	7179
901	0	37647
37648	6	18123
178	18	37649
37650	6	24114
37651	8	476
37652	6	6295
37653	2	8236
37654	6	2452
37655	6	32589
15141	2	37656
37657	2	13077
37658	6	4409
37659	6	25440
37660	6	4692
37661	6	7437
7102	2	37662
37663	6	963
37664	6	33010
37665	6	702
15455	12	37666
37667	6	31711
37668	6	4004
37669	6	22431
36984	6	37670
37671	6	7387
37672	8	949
37673	6	13214
7284	2	37674
37675	4	5855
37676	6	37677
1654	2	37678
34129	6	37679
18488	6	37680
16576	0	37681
6060	2	37682
8559	8	37683
37684	8	21070
37685	6	23748
28890	6	37686
37687	6	3814
218	0	37688
37689	6	7979
37690	6	1750
37691	6	1190
37692	8	4013
3928	2	37693
428	14	37694
37695	4	12603
37696	6	21894
15713	12	37697
21823	0	37698
37699	6	4035
37671	0	37700
37701	6	41
37702	6	10916
37703	6	1181
37704	6	16482
37705	6	1484
37706	6	37707
37708	6	598
37709	6	22196
33970	0	37710
37711	6	7800
37712	6	9545
37713	8	2006
21071	0	37714
37715	6	16530
37716	2	37161
37717	6	335
37718	6	1988
37719	6	232
37720	4	1565
4464	6	37721
37722	6	2587
37723	6	9171
37724	8	211
15073	0	37725
37726	6	589
37727	6	16137
37728	6	6626
37729	6	6996
9040	2	37730
37731	4	1214
37732	8	1367
37733	6	36919
37734	6	14796
37735	6	29907
37736	6	12530
37193	2	37737
37738	6	4562
37739	8	7611
37740	6	27394
37741	6	3485
19405	0	37742
33692	0	37743
13494	12	37744
37745	6	2434
37746	6	37679
37747	6	4186
37748	4	2560
9481	14	37749
6818	6	37750
37751	6	1523
5333	2	37752
37753	6	4317
37754	8	6136
37755	6	22974
37756	2	3639
37757	12	24399
37758	6	13746
37759	6	5626
37760	6	7457
1714	12	37761
37762	2	24397
37763	6	11453
37764	6	25561
31011	0	37765
37766	2	37767
37768	6	804
37769	6	1427
37770	4	12580
37771	2	1796
37772	6	11892
37773	6	15188
37774	6	19918
37775	4	702
37776	8	3731
37777	2	28699
37778	6	495
37779	8	8339
37780	6	29101
37781	6	1109
37782	2	7605
37783	6	22859
37784	6	3207
37785	6	3485
37786	6	13871
37787	6	7712
37788	6	35189
37789	6	4705
37790	12	37791
907	6	37792
37793	0	37794
37795	6	4658
3707	0	37796
37797	6	12708
2953	6	37798
1222	18	37799
37800	8	7611
37801	4	225
37802	8	7704
37803	6	6656
37804	6	2440
9462	12	37805
34227	6	37806
37807	6	3540
37808	6	423
37809	6	2039
36146	6	37810
5985	0	37811
37812	6	27616
37813	6	7457
37814	8	3331
37815	6	20260
37816	2	7834
37817	6	18189
37818	2	826
37819	6	3611
11092	0	37820
37821	6	13667
37822	6	1424
37823	6	17208
37824	6	17120
37825	8	3331
37826	6	24009
37827	6	12439
37828	6	4115
37829	6	1435
37830	2	1867
37831	6	37832
37833	6	3906
37834	2	26477
37835	10	33810
37836	6	8524
37837	6	23265
14336	14	37838
35573	6	37839
37840	6	21446
37841	6	1310
37842	6	281
37843	6	16769
37844	6	1229
17747	0	37845
37846	6	3183
37847	6	698
28510	2	37848
37849	6	698
31913	0	37850
37851	6	6954
131	2	37852
37853	6	2363
37854	6	5011
37855	6	994
37856	4	12795
37857	6	34936
10162	0	37858
37859	6	10201
37860	6	33819
37861	6	7424
37862	4	11581
37863	0	37864
1912	12	37865
37866	4	20681
37867	6	22092
37868	6	16973
37869	8	1600
37870	12	18936
37871	6	8725
712	18	37872
37873	6	495
37874	6	25140
37875	8	691
37876	6	3113
37877	6	15859
28613	12	37878
37879	6	59
37880	6	698
37881	6	1181
37882	6	11874
37883	6	37662
37884	6	1095
37885	2	37567
37886	6	29676
37887	6	353
37888	6	279
37889	6	1683
10362	0	37890
37891	6	1777
37892	6	3985
37893	2	25213
37894	6	11158
37895	4	225
37896	2	32858
37897	6	20666
37898	6	28271
37899	6	5420
37900	6	24928
16064	12	37901
37902	6	34307
37903	4	1240
428	14	37904
37905	8	29521
37906	6	11279
37907	6	13083
37908	6	10804
37909	6	9719
37910	6	7293
37911	8	2425
37912	6	255
37913	8	2425
37914	6	19939
37915	6	3564
37916	6	15470
20053	12	37917
37918	6	8844
37919	0	37920
37921	6	14706
37922	6	4317
37923	4	1591
37924	6	1537
12350	12	37925
37926	6	23205
37927	6	14740
37928	6	9253
37929	2	36331
11627	0	37930
37931	6	7979
26487	2	37932
15768	0	37933
37934	6	1775
37935	6	30899
37936	6	11770
37937	4	643
37938	6	30085
37939	6	2354
37940	4	8430
37941	6	9313
37942	6	423
37943	8	31093
37944	6	7948
37945	6	7822
37946	2	1787
37947	6	1181
6111	12	37948
37949	2	18033
28718	12	37950
37951	6	9253
37952	2	10186
37953	2	34452
13512	0	37954
37948	6	37955
37956	6	23407
37957	6	19892
37958	6	15082
37959	8	1437
37960	8	311
1720	18	37961
843	12	37962
166	0	37963
37964	6	21230
37965	6	5583
7810	12	37966
37967	6	25907
37968	6	8520
37969	6	24705
33736	2	37970
37971	8	1053
37972	6	9165
37973	6	3762
37974	6	36942
37975	6	2407
9046	6	37976
37977	6	255
23578	6	37978
37979	0	33842
22833	2	37980
37981	6	3483
10489	12	37982
17620	0	37983
37984	6	335
13335	0	37985
37986	6	7424
18453	0	37987
428	14	37988
37989	6	24403
11676	12	37990
37991	6	353
5940	0	37992
176	14	37993
37994	6	22096
37995	2	9266
37996	4	1269
37997	6	1561
14487	6	37998
37999	6	423
38000	6	2649
38001	6	2594
38002	6	698
38003	6	3439
38004	6	15781
38005	6	12575
1720	18	38006
38007	4	5855
38008	6	38009
10594	0	38010
38011	6	125
27578	0	38012
38013	6	26258
38014	6	19533
38015	2	25273
28212	0	38016
38017	6	25121
38018	6	12601
428	14	38019
36302	12	38020
38021	6	10694
38022	6	5633
38023	6	195
38024	6	25716
38025	6	25010
38026	8	211
38027	6	38028
38029	2	11818
38030	6	4568
38031	6	860
38032	6	7424
38033	6	5426
1006	0	38034
1203	12	38035
38036	8	1221
38037	6	38038
38039	6	1775
1203	12	38040
38041	6	4658
38042	6	421
38043	6	14794
38044	6	5984
38045	6	15704
34363	12	38046
38047	6	806
38048	2	7598
38049	8	8339
38050	6	21406
38051	6	5790
38052	6	20095
428	14	38053
38054	6	5202
31341	12	38055
38056	6	1775
38057	6	932
225	0	38058
38059	2	28893
38060	6	29266
24146	0	38061
3138	12	38062
38063	6	15246
38064	6	8396
38065	8	1367
38066	6	123
38067	6	3872
38068	4	3503
38069	6	5052
38070	8	3331
38071	6	38072
38073	6	26625
32341	6	38074
38075	6	804
38076	6	26263
38077	6	2452
38078	6	5691
38079	6	1181
38080	6	221
38081	6	930
38082	6	187
38083	6	3089
38084	6	27877
38085	6	335
38086	6	17044
19692	0	38087
15935	0	38088
38089	6	1744
38090	6	2149
38091	6	353
38092	6	18332
6896	2	38093
5672	0	38094
1925	6	38095
24726	6	38096
38097	6	279
38098	6	12959
38099	6	29318
38100	6	9980
38101	6	29955
428	14	38102
14001	2	38103
38104	6	11689
25624	0	38105
38106	6	13633
11308	0	38107
38108	6	5120
38109	6	2987
24933	12	38110
38111	6	14785
38112	6	21994
38113	6	19725
38114	6	19494
38115	6	411
1720	18	38116
12043	12	38117
2733	18	38118
6111	12	38119
38120	6	1181
38121	8	12958
38122	6	9425
38123	6	3906
38124	6	34035
38125	6	38126
38127	6	698
38128	6	335
38129	0	24601
38130	6	38131
10780	0	38132
4049	12	38133
38134	2	1233
38135	6	3485
38136	6	32436
38137	6	23707
38138	6	10172
38139	6	23501
38140	6	16878
38141	6	34543
38142	6	30016
11358	0	38143
38144	6	37358
38145	6	19969
35082	6	38146
38147	0	38148
38149	6	7707
38150	6	10553
38151	6	25586
15713	12	38152
22479	18	38153
38154	6	9064
38155	2	13801
38156	8	137
38157	6	26356
38158	0	33525
13921	2	38159
38160	6	29638
38161	6	22917
38162	6	16224
38163	6	4942
38164	2	5981
38165	6	5401
38166	6	6564
38167	6	4004
38168	6	3789
38169	6	23020
38170	4	2418
6064	0	38171
38172	6	1971
38173	6	698
38174	6	16200
38175	6	495
38176	6	14564
38177	6	14872
38178	0	25364
38179	8	5450
30689	2	38180
38181	6	462
38182	6	30963
1008	12	38183
38184	6	15614
38185	6	9324
38186	6	2434
38187	6	4754
38188	6	495
38189	6	5507
38190	6	3831
38191	6	1508
38192	6	5011
38193	6	17715
38194	6	33737
38195	6	5589
38196	6	7223
38197	8	3345
38198	6	255
38199	6	3916
38200	16	17136
38201	6	831
38202	6	20416
26691	2	38203
38204	6	1577
38205	8	18247
38206	6	2519
38207	6	5156
5357	6	38208
8299	12	38209
38210	6	13470
34983	0	38211
38212	4	158
38213	6	1842
38214	6	2226
38215	6	1190
38216	6	297
38217	6	20974
6493	14	38218
38219	2	18964
38220	6	32531
38221	6	7979
38222	2	17981
38223	6	421
1648	12	38224
10665	0	38225
38226	8	211
38227	6	5011
38228	6	4469
38229	6	3503
38230	6	2480
38231	6	20930
38232	6	2875
2794	18	38233
38234	6	1536
38235	6	25983
38236	6	30851
38237	2	4044
38238	6	1181
38239	6	31924
38240	6	6634
3707	0	38241
38242	6	12562
38243	8	949
38244	6	7126
38245	6	38246
6050	2	38247
38248	12	32004
38249	6	5011
38250	6	23095
38251	6	23536
541	18	38252
38253	2	16767
38254	6	10553
366	14	38255
428	14	38256
31061	6	38257
18122	0	38258
38259	6	4973
1720	18	38260
38261	2	11724
38262	6	38263
8353	0	38264
3859	12	38265
38266	6	1673
38267	6	26433
38268	6	34924
38269	6	2320
38270	8	7611
38271	2	38272
2549	0	38273
15843	2	38274
38275	6	12061
38276	6	5290
38277	2	38278
17264	6	38279
38280	6	7822
38281	6	21281
292	14	38282
38283	16	246
38284	6	30931
38285	4	3885
38286	6	6257
38287	2	16873
38288	6	495
38289	6	2655
38290	6	6115
38291	6	30798
38292	6	3905
38293	6	37740
38294	6	1095
38295	8	211
38296	6	3903
26152	2	38297
38298	6	5616
38299	6	2587
1222	18	38300
38301	4	6828
38302	6	9393
22152	12	38303
38304	6	698
38305	6	7783
38306	6	137
38307	6	1819
38308	6	3532
38309	2	35256
38310	6	20944
38311	6	27391
38312	6	35095
38313	8	22632
9422	2	38314
14128	2	38315
38316	6	27055
38317	6	23998
38318	6	13343
18835	0	38319
38320	6	15358
38321	6	8209
38322	6	3268
23061	0	38323
38324	6	6954
38325	6	5082
25262	6	38326
38327	6	2058
38328	6	1037
38329	6	11757
38330	6	109
38331	6	495
33004	2	38332
38333	6	9875
38334	6	13458
38335	8	211
38336	6	1196
712	18	38337
38338	6	495
38339	8	18708
38340	4	225
3160	2	38341
38342	6	1877
38343	6	2973
38344	6	3722
38345	0	571
1720	18	38346
38347	6	18135
38348	6	12125
38349	6	9665
38350	6	33846
38351	6	31393
38352	6	37024
38353	6	17120
26921	12	38354
38355	6	4176
20957	6	38356
2639	0	38357
38358	4	6293
38359	6	23407
38360	4	225
27658	0	38361
31426	2	38362
38363	6	11329
38364	6	2452
38365	6	2137
38366	6	8308
38367	6	10638
38368	6	5084
38369	6	7162
38370	8	1367
38371	8	991
38372	6	4560
38373	4	3200
38374	2	19748
32569	2	38375
38376	6	9296
38377	2	22062
38378	6	353
38379	6	8415
2642	6	38380
38381	6	21281
38382	6	731
30540	2	38383
38384	6	8937
38385	6	13850
38386	6	10629
38387	6	38388
38389	8	211
38390	6	18585
38391	6	109
38392	6	10336
30448	0	38393
38394	6	2906
38395	6	34511
38396	6	900
38397	6	6042
38398	6	20512
5672	0	38399
38400	6	5583
38401	6	2137
38402	6	32578
38403	6	28487
38404	6	3475
38405	4	35970
38406	6	8520
38407	6	1775
38408	2	17026
38409	6	5422
38410	6	8052
38411	6	1990
38412	6	1555
38413	6	248
38414	6	10205
38415	6	19972
38416	6	1799
38417	6	1181
38418	6	14774
10930	2	38419
38420	6	589
16891	0	38421
38422	6	10279
38423	6	1988
38424	6	8923
38425	6	18009
38426	6	22191
8255	0	38427
38428	6	495
38429	6	12575
38430	6	2989
38327	2	38431
38432	4	6763
38433	6	13240
13939	10	38434
38435	6	7704
1768	0	38436
38437	8	5864
38438	6	11448
38439	6	35310
38440	6	5456
17393	0	38441
38442	8	1600
38443	6	3747
38444	6	14390
38445	6	17369
38446	2	30093
38447	6	2717
38448	6	246
38449	2	29421
38450	6	28062
38451	2	13646
38452	6	2440
30363	0	38453
9445	2	38454
38455	6	24599
38456	6	18435
38457	6	25151
38458	6	2258
38459	8	13361
38460	2	38461
14976	6	38462
33470	6	38463
8116	12	38464
38465	6	16652
2229	0	38466
38467	6	6028
38468	6	495
24512	2	38469
38470	6	1585
38471	8	12797
38472	10	32738
38473	6	16084
38474	6	6221
38475	6	4636
38476	6	9357
10310	6	38477
38478	6	1059
38479	6	2519
5000	0	38480
18397	12	38481
38482	4	4094
460	2	38483
19124	0	38484
19543	0	38485
38486	6	731
5277	6	38487
38488	8	33404
38489	6	11953
38490	12	37097
25404	0	38491
38492	6	12922
1430	0	38493
12780	2	38494
13017	4	38495
38496	6	1181
38497	8	211
38498	6	2418
38499	6	9995
38500	6	655
38501	6	495
38502	6	20675
38503	12	32921
38504	6	308
38505	6	10809
13875	12	38506
739	0	38507
38508	6	20941
38509	2	24006
38510	6	339
38511	6	28607
38512	6	8528
38513	6	9597
38514	6	34435
38515	6	30272
38516	8	211
38517	6	462
38518	6	7632
38519	6	1188
38520	4	225
38521	6	38522
38523	6	302
38524	8	24608
38525	6	11483
38526	6	26579
38527	6	7424
38528	6	3093
38529	6	41
38530	8	34735
38531	6	10172
38532	6	255
38533	6	21507
38534	6	2444
38535	6	1921
14977	0	38536
38537	8	2425
38538	4	225
4102	12	38539
1199	0	38540
1222	18	38541
38542	6	13529
38543	2	13348
38544	6	18421
38545	6	2467
428	14	38546
38547	8	3331
8006	0	38548
38549	6	21392
38550	6	495
38551	6	20366
38552	6	1310
38553	6	1842
38554	6	19185
38555	6	495
38556	6	2906
29801	0	38557
428	14	38558
38559	6	1787
38560	6	5587
38561	6	12756
38562	6	5618
38563	6	6697
38564	6	7457
38565	6	36923
38566	8	7611
38567	4	5855
38568	6	27351
38569	6	3861
38570	6	15781
38571	6	32836
38572	6	8859
38573	6	3861
1713	12	38574
38575	2	9512
146	0	38576
38577	6	2334
38578	6	16299
38579	6	19658
4679	12	38580
6139	2	38581
38582	6	5362
38583	6	11289
38584	2	38585
9542	0	38586
38587	6	421
38588	6	20649
38589	6	195
38590	8	24423
38591	6	31801
38592	6	34313
38593	6	1181
38594	6	880
38595	6	25735
38596	6	20609
10299	0	38597
13352	6	38598
38599	6	831
38600	6	13597
30539	0	38601
38602	8	26444
2560	12	38603
17334	0	38604
38605	6	900
38606	6	33620
36090	12	38607
38608	8	5450
38609	6	3905
38610	6	6768
38611	6	38612
8667	0	38613
28348	0	38614
38615	6	5421
38616	6	10229
38617	8	29457
1648	12	38618
38619	6	16626
38620	6	1407
38621	6	731
8650	12	38622
38623	6	32706
38624	2	3639
38625	2	21438
38626	6	495
38627	6	10611
38628	6	2391
38629	6	12656
38630	6	25729
38631	6	1367
38632	6	7714
38633	6	1524
38634	2	9587
38635	6	6205
38636	6	1219
38637	6	11089
38638	6	1410
38639	6	6832
38640	6	8082
38641	2	2527
34232	0	38642
28678	0	38643
38644	2	8585
38645	6	1819
38646	6	7770
12959	6	38647
10918	2	38648
38649	6	10553
38650	4	1298
14336	14	38651
38652	6	17654
38653	6	633
38654	6	2292
38655	4	4447
38656	6	2354
15062	0	38657
38658	6	25924
38659	6	7424
38660	12	9768
38661	2	38662
38663	2	20243
38664	6	30213
3612	0	38665
8939	6	38666
38667	6	30460
38668	6	5969
38669	6	7880
38670	6	5522
38671	6	7752
23180	0	38672
38673	6	10093
38674	8	3331
38675	0	38676
38677	6	14647
38678	8	5450
38679	6	14771
38680	6	35537
38681	2	2164
38682	6	95
1116	12	38683
38684	6	22104
38685	6	495
38686	6	18057
38687	6	17386
38688	6	2386
38689	6	5089
38690	6	1775
38691	6	1787
38692	6	7670
38693	6	5450
38694	6	18961
38695	6	4645
17121	6	38696
19001	2	38697
38698	6	1214
13288	0	38699
5282	12	38700
38701	8	1949
38702	6	20411
38703	6	4557
38704	6	3503
38705	6	1467
38706	6	26227
38707	8	3331
38708	2	38709
38710	6	30071
38711	2	2354
38712	8	3331
38713	6	29393
8650	12	38714
38715	6	7639
15706	0	38716
38717	4	6828
8805	0	38718
38719	6	36960
38720	6	4901
38721	6	16852
25617	12	38722
38723	6	67
38689	2	38724
38725	6	20041
38726	6	777
38727	6	30078
38728	6	860
38729	4	922
38730	2	36211
38731	6	625
38732	6	5840
38733	6	5384
24396	2	38734
26421	2	38735
38736	6	253
38737	6	30461
38738	6	14915
38739	6	9788
38740	6	22568
38741	2	15956
38742	6	8964
38743	8	1681
38744	6	9614
38745	6	731
38746	6	421
38747	6	20095
12033	0	38748
38749	6	23946
38750	6	15886
38751	2	23908
38752	6	18630
38753	6	19805
38754	6	21572
38755	6	23080
30163	0	38756
38757	8	211
15282	0	38758
3186	12	38759
38760	6	1775
38761	6	27090
38762	6	5338
38763	6	21242
38764	6	14394
38765	6	7979
38766	6	8974
38767	6	5041
38768	4	225
38769	6	23393
38770	4	5855
38771	6	21499
38772	6	32851
38773	6	16291
38774	6	24806
38775	6	698
38776	4	225
38777	6	2883
38778	6	1181
38779	6	29580
38780	6	4009
38781	6	16784
38782	6	31942
38783	8	211
38784	6	125
38785	2	11727
38786	6	20140
38787	8	991
38788	6	1165
38789	2	14700
38790	6	17644
5488	0	38791
38792	6	2300
38793	6	13378
38794	8	1367
38795	6	4186
33933	6	38796
38797	6	495
38798	6	32626
38799	6	2480
27695	0	38800
38801	6	9277
38802	6	1466
38803	6	20490
38804	6	6944
38805	6	495
13300	0	38806
38807	6	22331
38808	0	34469
38809	4	922
38810	8	2425
38811	8	211
38812	8	2425
38813	6	3183
38814	8	7449
12205	0	38815
38816	6	24942
38817	6	411
38818	8	1681
38819	6	8286
38820	8	6131
38821	6	1451
38822	6	3723
38823	6	15500
38824	6	6990
38825	6	19365
24255	2	38826
38827	6	15918
38828	8	211
7198	0	38829
38830	6	38831
38832	6	18078
38833	6	1661
5417	12	38834
38835	6	14887
38836	8	18708
38837	6	335
38838	6	255
12043	12	38839
38840	6	13286
38841	6	41
38842	4	1144
38843	6	8898
1315	0	38844
38845	2	781
38846	6	18252
38847	6	12790
38848	8	211
38849	4	499
38850	6	21997
38851	6	6977
28027	0	38852
38853	6	495
38854	6	257
25163	2	38855
38856	6	817
38857	6	6053
38858	6	1690
38859	6	6028
38860	6	6917
5513	0	38861
10444	0	38862
38863	6	38079
38864	6	30565
38865	6	36485
38866	4	11
38867	6	19343
38868	6	7126
38869	6	2045
38870	6	9042
2412	12	38871
38872	8	3268
38873	4	702
38874	4	702
32475	2	38875
38876	6	28428
38877	6	4984
16296	0	38878
38879	6	8415
23964	0	38880
38881	4	2721
38882	6	661
38883	6	6014
28668	0	38884
38885	6	6042
38886	8	211
38887	8	6109
38888	6	9374
14952	0	38889
38890	2	16052
30821	6	38891
38892	6	1674
38893	6	411
38894	2	35628
38895	6	10682
38896	6	29948
38897	6	8148
38898	8	1367
38899	6	33561
38900	6	8100
38901	6	16424
38902	8	12291
38903	6	3893
38904	8	3331
38905	6	3189
4724	12	38906
38907	6	8102
38908	6	3735
381	14	38909
16680	2	38910
38911	6	3207
38912	6	3133
38913	6	28498
38914	6	11788
38915	6	25565
428	14	38916
38917	6	6115
38918	0	35424
38919	6	5934
38920	6	10553
38921	6	9510
38922	8	7611
17317	12	38923
38924	6	29026
11501	12	38925
38926	6	2278
38927	6	11281
38928	2	10184
38929	6	21798
38930	4	7360
36774	12	38931
38932	6	5131
38933	6	8864
38934	6	2434
25077	2	38935
38936	6	1718
38937	8	1367
38938	6	24221
728	0	38939
38940	6	7871
38941	4	22124
38942	6	8250
38943	6	26994
38944	6	3281
38945	6	1214
38946	6	28545
38947	6	7707
38948	6	4973
38949	6	22139
38950	6	22284
38951	6	915
38952	6	2155
428	14	38953
38954	6	11567
38955	6	4348
1506	2	38956
27468	0	38957
38958	6	28545
38959	6	11023
166	0	38960
38961	6	3053
2714	0	38962
38963	6	19835
38964	6	1410
38965	6	27814
38966	6	21932
34533	2	38967
166	0	38968
38969	6	3992
38970	6	15978
38971	6	4703
38972	6	21223
36275	6	38973
38974	6	255
38975	6	2425
38976	6	33499
38977	8	18062
9462	12	38978
1984	12	38979
38980	6	3485
38981	4	2882
38982	6	38983
38984	6	9253
38985	6	14374
23633	0	38986
37922	0	38987
38988	6	2391
2474	0	38989
770	0	38990
38991	6	1188
38992	6	10629
38993	6	25173
38994	6	15580
29295	10	38995
38996	6	1907
692	12	38997
38998	6	16887
38999	2	5190
39000	2	4831
39001	6	2440
39002	6	36266
6681	2	39003
39004	8	949
39005	6	3089
32903	2	39006
39007	6	16966
39008	8	16561
39009	6	20609
419	6	39010
39011	6	24406
39012	6	23297
39013	12	38013
39014	6	495
39015	6	15688
39016	2	26632
5511	12	39017
39018	6	2452
39019	6	25726
39020	6	10694
39021	6	28833
39022	6	1525
39023	6	14143
39024	8	4101
39025	6	8361
39026	6	15736
39027	6	14571
39028	12	7383
39029	6	1181
39030	6	11884
36765	6	39031
39032	6	9064
1720	18	39033
39034	8	12291
39035	6	664
39036	0	25685
39037	12	32145
39038	6	11540
39039	6	10099
39040	6	14677
39041	6	12949
39042	6	5344
39043	6	2512
39044	6	9866
39045	6	421
39046	6	18913
39047	6	2987
39048	8	8057
39049	6	2910
39050	6	67
39051	6	9372
39052	6	4059
39053	6	3855
39054	6	2865
39055	6	32663
39056	6	495
39057	6	10744
39058	6	16062
39059	6	28478
39060	8	6136
39061	6	1362
7841	0	39062
39063	2	36791
39064	6	5609
39065	6	495
39066	6	12828
39067	6	5499
39068	6	12905
39069	6	1466
13785	0	39070
39071	6	5439
33864	0	39072
5995	0	39073
39074	6	38815
428	14	39075
39076	6	10048
39077	6	8066
39078	6	6823
39079	6	3336
39080	2	7597
39081	6	17009
39082	6	3371
39083	6	16878
39084	6	21323
39085	6	3089
3671	10	39086
39087	6	15102
39088	6	4531
39089	6	13979
39090	6	14925
39091	8	311
39092	8	311
39093	6	1617
34025	12	39094
39095	6	21798
39096	6	3722
39097	8	4791
39098	6	9599
9563	0	39099
39100	6	7796
39101	6	12738
39102	6	550
39103	6	1165
39104	6	33944
39105	6	6888
428	14	39106
39107	6	7958
39108	6	5587
2224	0	39109
39110	6	33525
39111	6	4703
39112	6	8974
39113	6	6755
39114	8	211
39115	6	23293
6111	12	39116
39117	6	15235
39118	6	21895
11990	0	39119
39120	6	67
39121	6	9296
39122	6	3434
39123	6	13286
39124	8	2425
39125	8	75
28719	6	39126
39127	6	1981
39128	2	20343
1660	0	39129
1734	0	39130
39131	6	13996
21738	0	39132
39133	6	814
39134	4	12603
39135	6	917
39136	6	14524
39137	6	8012
39138	6	3183
23918	6	39139
39140	2	3547
39141	6	495
39142	6	3485
39143	6	3021
39144	6	12575
39145	6	17164
39146	6	7424
39147	6	28498
4788	12	39148
39149	6	23955
33718	6	39150
39151	6	10721
39152	6	7286
39153	6	16668
39154	6	2756
39155	8	14501
39156	6	32145
39157	6	2452
39158	6	2987
39159	6	15639
39160	6	532
39161	6	255
39162	6	1181
39163	6	9988
4258	0	39164
39165	6	36020
39166	8	1221
39167	6	2440
11171	0	39168
39169	6	7070
39170	6	353
1713	12	39171
39172	6	20859
39173	6	22413
39174	6	421
39175	4	225
33122	12	39176
39177	6	7979
39178	6	5202
39179	6	5375
39180	6	7747
39181	6	36832
39182	8	2005
7182	0	39183
39184	6	3903
39185	6	34583
39186	6	2452
39187	6	12601
39188	8	8915
39189	6	7269
38683	6	39190
39191	8	1437
23696	0	39192
39193	6	16878
39194	6	7109
39195	4	158
15240	0	39196
39197	6	4973
428	14	39198
23668	0	39199
39200	8	7116
39201	6	37973
39202	6	5394
39203	6	5456
39204	6	11329
4710	0	39205
34832	0	39206
39207	6	23974
39208	6	34521
39209	6	12601
13840	0	39210
39211	6	18252
39212	6	9040
39213	6	22233
39214	6	1893
39215	6	9567
39216	6	7611
39217	6	1147
21823	0	39218
39219	6	39220
39221	6	19680
9509	12	39222
39223	6	4623
39224	6	10776
39225	6	23407
39226	6	12028
39227	6	2358
39228	6	421
39229	6	6015
39230	6	5011
39231	6	3474
12917	12	39232
39233	6	1367
39234	6	4692
39235	6	7106
39236	6	10629
39237	6	14923
39238	6	18728
39239	6	21470
39240	6	1466
39241	6	16040
28709	2	39242
39243	6	2354
39244	6	22673
39245	6	1350
39246	6	335
39247	8	2006
39248	6	39230
39249	6	39145
39250	6	2418
39251	6	6412
39252	6	2258
39253	6	39254
12253	6	39255
39256	6	8082
39257	8	2425
39258	6	34406
39259	6	4746
39260	6	1787
39261	6	1181
39262	6	6925
39263	6	14801
20771	0	39264
39265	8	12291
39266	6	3722
39267	4	5202
39268	6	8937
39269	6	3872
39270	6	495
39271	6	7393
39272	8	5400
39273	8	11313
39274	16	34050
39275	8	1367
39276	6	18468
39277	8	5304
39278	6	3552
39279	6	7943
39280	6	14801
32080	12	39281
39282	6	28053
16803	0	39283
39284	2	29909
39285	6	9988
39286	8	2939
39287	6	6149
39288	6	32685
39289	6	2452
39290	6	31414
39291	6	1010
39292	6	7698
39293	6	2569
39294	8	3331
39295	4	541
39296	6	251
39297	2	25083
39298	6	137
39299	6	25499
39300	6	2569
39301	6	11516
2188	0	39302
39303	6	25801
39304	6	15373
366	14	39305
17866	2	39306
39307	8	39308
39309	6	4077
39310	6	15645
39311	6	27364
39312	6	1775
39313	6	30798
39314	12	10893
39315	6	6240
39316	6	4974
39317	6	5011
16293	2	39318
39319	6	16946
39320	6	6456
39321	6	16299
13667	18	39322
39323	6	1690
35007	12	39324
428	14	39325
39326	6	423
39327	6	30302
39037	6	39328
39329	6	4348
39330	6	16021
39331	6	14143
39332	6	4421
39333	6	1264
39334	6	5487
39335	6	3855
39336	6	598
39337	6	2386
21545	12	39338
39339	6	19351
39340	6	2900
39341	8	5468
39342	6	3553
6153	12	39343
39344	6	12012
39345	6	5156
39346	6	16087
30920	0	39347
39348	6	1787
37174	2	39349
6122	14	39350
39351	6	1165
20948	6	39352
39353	6	7253
39354	2	13473
39355	6	95
39356	6	23484
39357	6	9277
39358	6	2137
39359	6	698
39360	8	2187
39361	6	8226
39362	6	22565
39363	6	12968
21524	6	39364
5927	2	39365
39366	6	7092
30381	0	39367
39368	6	5623
12818	0	39369
39370	6	36677
39371	6	7698
39372	6	17992
39373	6	16672
39374	4	6626
39375	6	9749
39376	6	423
39377	6	14479
39378	6	9044
39379	6	6028
39380	6	2467
39381	6	3475
39382	6	7424
39383	6	2463
39384	6	4973
39385	6	123
39386	6	6691
39387	6	8897
39388	6	11892
39389	8	1367
39390	6	37642
39391	6	23363
39392	2	10134
39393	6	2452
39394	6	7457
39395	6	25316
39396	6	528
10032	0	39397
39398	6	358
24154	12	39399
19829	6	39400
39401	6	16698
39402	6	6897
39403	6	12614
39404	6	2659
39405	6	32872
39406	6	24909
39407	6	3485
39408	4	10357
39409	6	655
39410	8	8339
39411	6	5142
39412	6	36538
39413	6	2496
39414	6	495
39415	6	3345
39416	6	11434
39417	6	35897
39418	6	495
39419	6	19533
39420	6	495
39421	6	27754
39422	6	1775
39423	6	26135
39424	6	8650
39425	6	5131
39426	6	17099
39427	6	4374
39428	6	18050
39429	6	19099
39430	2	27950
39431	6	33930
39432	2	23389
39433	6	2966
39434	2	16811
7827	2	39435
39436	2	11298
39437	6	12203
39438	6	2391
39439	6	251
225	0	39440
39441	6	255
39442	6	14108
39443	6	27259
39444	6	1037
39445	6	8786
39446	6	2434
39447	4	225
39448	12	39449
39450	6	37764
39451	6	21859
14197	0	39452
39453	6	1842
39454	6	12122
39455	6	4385
39456	6	8540
39457	6	12658
32645	0	39458
13159	2	39459
39460	6	11786
39461	6	8082
39462	6	11629
39463	6	17161
39464	6	17161
39465	0	35139
39466	6	737
39467	12	35337
428	14	39468
2188	0	39469
39470	6	14347
39471	6	35538
39472	6	22695
39473	6	2827
39474	6	14030
39475	6	6608
39476	6	462
39477	6	6727
39478	6	4703
39479	6	733
39480	6	6042
39481	6	5691
39482	2	20486
11400	0	39483
39484	6	29139
39485	6	26511
39486	6	10349
39487	6	2987
14499	12	39488
39489	6	2767
39490	12	24971
39491	6	32334
39492	4	225
39493	6	3896
39494	6	1782
39495	6	13051
39496	6	11631
33975	6	39497
39498	12	7918
1720	18	39499
39500	6	5609
9661	12	39501
39502	6	1435
39503	6	495
39504	6	39505
39506	8	129
39507	6	34413
39508	6	14739
12395	12	39509
29119	0	39510
39511	6	8052
39512	6	817
39513	6	2804
34072	0	39514
366	14	39515
39516	6	731
39517	8	28309
39518	6	2452
39519	6	24416
39520	6	22915
4401	0	39521
39522	6	971
39523	6	2987
39524	6	17179
39525	6	15506
39526	6	2444
39527	6	27572
39528	2	8720
13512	0	39529
8316	0	39530
39531	6	13214
39532	6	34701
39533	6	655
39534	6	11640
39535	6	12434
20991	2	39536
428	14	39537
25138	0	39538
24832	2	39539
25272	6	39540
39541	6	5781
39542	6	4317
39543	6	6656
9119	12	39544
39545	6	24730
39546	6	29476
39547	8	6136
39548	6	18981
39549	6	1787
39550	6	4180
39551	2	20797
39552	6	28304
39553	6	9821
39554	6	2745
39555	6	2462
39556	6	13447
39557	6	20994
32597	6	39558
39559	8	7611
39560	6	3207
39561	6	10853
39562	6	2631
39563	6	18499
39564	6	3398
34392	12	39565
39566	6	7224
39567	6	6768
39568	8	1053
39569	6	2292
39570	6	1214
39571	6	1679
39572	6	12039
39573	6	30117
39574	6	423
39575	6	35940
8385	0	39576
39577	6	11377
39578	6	28256
10491	6	39579
39580	6	28899
39581	6	39582
27254	12	39583
39584	2	38508
39585	6	1958
39586	8	1367
39587	6	21982
39588	6	12738
29077	0	39589
39590	6	23407
39591	6	8818
39592	6	1468
39593	6	877
39594	8	2006
39595	6	495
39596	6	335
5655	0	39597
3970	12	39598
39599	6	1025
39600	6	33661
39601	6	11142
39602	6	12380
39603	6	20468
823	12	39604
39605	6	32010
39606	6	6559
39607	6	32898
39608	6	495
39609	6	3031
39610	6	27892
39611	6	900
39612	6	4632
39613	6	10674
39614	6	17581
1203	12	39615
39616	6	4497
39617	4	225
39618	6	6656
39619	6	6656
39620	6	10048
39621	6	6409
39622	6	731
39623	6	6149
39624	6	6191
4829	2	39625
39626	6	17904
39627	6	11701
39628	6	11224
39629	6	3485
39630	6	16841
39631	6	7046
39632	6	33882
39633	6	119
39634	6	2939
39635	6	33499
39636	6	589
6901	2	39637
39638	12	31454
39639	8	8339
39640	6	1408
39641	6	10205
39642	6	16755
39643	6	8982
39644	6	495
39645	4	2226
39646	6	24863
39647	6	5791
39648	6	10048
10478	0	39649
39650	8	13529
39651	6	1577
39652	6	30011
39653	6	26026
39654	6	15580
39655	6	2271
2564	12	39656
39657	6	382
39658	6	495
39659	6	4801
39660	6	21563
39661	6	2035
39662	6	4497
39663	6	7514
39664	4	2122
39665	6	495
39666	6	14143
39667	6	10413
39668	6	8207
39669	6	7470
39670	6	10721
39671	6	26679
23876	12	39672
39673	6	6716
39674	6	192
39675	6	3855
39676	6	3207
39677	6	1782
39678	6	10361
39679	6	28210
39680	6	20956
39681	8	2006
39682	8	2025
39683	6	1637
39684	6	19336
39685	6	655
39686	6	11547
39687	6	860
39688	6	1921
39689	6	24116
2513	6	39690
11896	12	39691
39692	8	3331
39693	6	16982
39694	6	495
39695	6	1842
39696	6	917
39697	2	415
39698	6	15235
39699	6	711
35725	0	39700
28990	6	39701
39702	6	29790
39703	6	4832
39704	8	4113
39705	6	5984
26378	6	39706
39707	6	25331
39708	6	3901
1678	0	39709
39710	6	2519
39711	6	400
39712	6	1692
39713	6	20420
39714	6	1995
39715	6	24425
39716	6	7126
39717	6	2247
39718	6	7253
39719	6	38099
39720	6	1427
39721	6	9791
39722	6	33201
39723	6	7366
39724	6	860
39725	6	10172
39726	6	495
39727	6	14801
39728	6	39729
39730	6	1181
39731	6	7583
428	14	39732
39733	6	21482
39734	6	17386
39735	6	15886
39736	6	38523
39737	6	39738
20754	0	39739
30529	0	39740
39741	6	532
39742	6	11629
39743	6	22304
12857	2	39744
39745	8	1221
39746	6	15775
39747	6	4531
39748	6	731
39749	6	35045
39750	8	1605
12148	0	39751
17620	0	39752
39753	6	58
39754	6	1435
39755	6	32597
39756	6	21787
39757	6	35416
39758	6	30565
39759	6	1410
39760	6	1435
39761	6	26358
39762	6	39763
428	14	39764
39765	6	12808
39766	6	24416
39767	6	28856
39768	6	21997
39769	6	12704
17245	6	39770
37582	0	39771
39772	8	10533
39773	6	11786
39774	6	655
39775	6	7704
39776	6	3966
39777	6	41
39778	8	6136
39779	6	5102
39780	6	3681
39781	0	10543
39782	6	22618
39783	6	7706
39784	6	8974
8608	0	39785
39786	6	31962
39787	6	32334
23866	6	39788
39789	6	9139
39790	6	9598
39791	6	37513
39792	8	3345
39793	6	10401
39794	6	1310
39795	6	7916
39796	6	18981
5000	0	39797
39798	8	17800
21695	2	39799
8650	12	39800
10521	0	39801
8055	2	39802
39803	6	29669
39804	6	1279
20249	0	39805
39806	6	25027
39807	6	37680
39808	6	16084
39809	6	12483
39810	6	23526
39811	6	10471
39812	6	1941
39813	6	6867
39814	6	17333
39815	4	4248
39816	6	22889
39817	6	655
39818	6	21789
39819	6	1738
39820	6	2214
39821	6	28498
39822	4	6293
39823	6	1486
39824	6	651
39825	8	18865
39826	6	2137
39827	6	24403
39828	6	25707
39829	6	17628
39830	6	633
16622	0	39831
39832	8	311
39833	8	7611
39834	6	3116
39835	6	7611
39836	6	7575
39837	6	10413
39838	6	22709
39839	6	335
39840	6	2134
39841	6	1893
39842	6	36143
11835	2	39843
38002	0	39844
39845	6	23103
39846	6	11932
39847	6	913
11281	0	39848
39849	6	16632
428	14	39850
39851	6	546
39852	8	211
39853	6	4849
39854	2	7242
39855	6	2535
39856	6	10205
39857	6	1988
39858	6	13979
39859	6	38141
39860	6	30071
433	0	39861
39862	6	3931
39863	6	2765
39864	6	5379
39865	6	11873
39866	6	5671
39867	6	8278
39868	6	4348
10669	8	39869
39870	2	36177
39871	6	5084
24395	0	39872
39873	6	33789
14757	2	39874
39875	6	411
39876	6	1708
39877	2	32787
39878	6	7704
39879	6	18742
39880	6	24403
39881	6	14143
39882	6	35189
39883	6	415
39884	6	7755
39885	6	7796
39886	6	495
39887	6	26296
39888	6	7038
39889	6	5285
39890	6	5612
39891	6	11298
428	14	39892
39893	6	36391
39894	6	1607
39895	6	29024
39896	6	4921
39897	6	16657
39898	2	4585
39899	6	5011
39900	6	16878
39901	6	36548
28371	0	39902
15266	6	39903
4503	0	39904
39905	6	16227
39906	6	495
39907	6	4562
39908	6	39131
39909	6	698
39910	6	353
39911	6	3784
2806	0	39912
39913	6	8228
39914	6	11839
39915	6	1188
39916	6	574
39917	6	428
30152	0	39918
39919	6	39820
39920	12	22489
39921	6	829
16320	0	39922
39923	6	26391
39924	6	2099
39925	6	11040
39926	6	698
39927	6	9778
39928	6	698
39929	6	33881
39930	6	38882
39931	6	30085
39932	6	17220
39933	6	639
39934	6	17026
39935	6	3681
39936	6	12738
39937	6	35120
39938	8	2665
39939	6	2444
39940	6	21627
39941	8	211
39942	6	29211
428	14	39943
39944	6	3017
39945	6	14244
39946	6	495
39947	6	37763
39948	6	33508
39949	6	761
39950	6	11148
22377	0	39951
39952	6	12797
39953	12	28023
39954	6	9324
39955	6	26548
39956	6	4610
38577	2	39957
39958	6	1166
39959	6	13470
39960	6	382
39961	4	1264
39962	6	6559
39963	6	35256
39964	6	8591
39965	2	27193
39966	6	35211
39967	6	11023
39968	6	24442
39969	6	4004
1028	12	39970
6122	14	39971
39972	6	495
38903	6	39973
39974	6	11189
39975	8	4352
39976	6	7224
39977	6	19326
39978	6	9152
39979	8	18865
39980	6	963
39981	6	13850
39982	6	21115
31139	6	39983
39984	6	7424
39985	0	19099
39986	6	14097
39987	6	2384
39988	6	30507
39989	6	340
39990	6	9297
39991	6	27869
39992	6	1435
39993	8	1367
39994	6	5943
39995	6	15066
39996	0	14816
39997	6	11289
39998	6	37641
39999	6	7514
40000	6	187
40001	6	2327
40002	6	13276
40003	6	1839
40004	6	3831
40005	6	664
40006	6	495
40007	8	9040
40008	6	8102
40009	2	10100
40010	6	22733
40011	6	30926
40012	6	28092
557	12	40013
30663	12	40014
40015	2	416
40016	6	12596
40017	6	4881
40018	6	5594
40019	12	33628
40020	6	3710
40021	6	14295
1720	18	40022
40023	6	12075
40024	6	8974
40025	6	7424
40026	6	33944
40027	6	621
40028	6	421
40029	6	137
40030	6	15200
40031	6	195
40032	8	8339
40033	12	39728
40034	6	34106
40035	6	10399
40036	6	1484
40037	6	20443
10146	2	40038
40039	6	12575
40040	6	39037
40041	2	11511
40042	6	4754
40043	6	34721
40044	6	17157
40045	6	8931
40046	6	591
40047	4	225
40048	6	495
40049	8	7611
40050	6	7979
40051	6	9495
40052	6	11989
40053	6	21997
40054	6	16015
40055	2	9703
366	14	40056
40057	6	36138
40058	6	3872
40059	8	14215
40060	6	17239
648	12	40061
40062	0	8266
40063	6	8974
40064	4	15307
40065	6	8082
40066	6	12183
40067	6	27429
40068	6	9512
40069	6	9102
10477	2	40070
34863	6	40071
40072	8	16468
40073	6	25975
1222	18	40074
541	18	40075
40076	6	3896
2635	6	40077
40078	6	7704
40079	6	1681
40080	8	2939
40081	6	16003
40082	6	255
40083	6	423
8353	0	40084
40085	8	1367
40086	4	2560
13995	2	40087
40088	12	18274
40089	6	5341
40090	6	40091
40092	8	991
40093	6	4089
40094	6	655
40095	6	5588
40096	6	10553
40097	6	1990
26959	0	40098
40099	6	10372
40100	6	13942
40101	6	3503
40102	6	5070
40103	6	3784
680	6	40104
40105	6	6656
40106	6	8196
40107	6	22446
40108	6	6634
40109	8	39026
17788	12	40110
40111	6	7253
40112	6	495
40113	6	16119
40114	6	5616
40115	8	1437
40116	6	20609
40117	6	5131
40118	6	28822
7433	6	40119
40120	6	9866
40121	6	7463
5572	12	40122
40123	4	2183
29367	0	40124
40125	6	9674
40126	6	23808
40127	6	10556
40128	6	34163
40129	6	1787
40130	6	731
40131	6	251
40132	6	25446
40133	6	7233
40134	6	40135
40136	6	24259
40137	6	1921
40138	4	18887
40139	6	24480
40140	6	13720
40141	6	23810
428	14	40142
40143	6	13533
40144	6	33073
40145	6	3740
40146	6	9599
40147	8	28466
40148	6	6628
10993	0	40149
40150	6	1988
40151	6	36138
40152	6	29685
40153	6	1188
40154	6	35310
40155	6	6225
40156	6	3089
40157	6	14676
40158	6	7401
40159	6	19365
40160	8	2425
40161	6	3503
40162	6	3970
40163	8	1367
1635	0	40164
40165	6	10933
40166	6	6930
40167	6	2569
40168	8	5450
40169	6	4009
40170	6	8880
36095	12	40171
40172	6	25320
6957	12	40173
40174	6	1708
40175	2	25381
40176	6	10310
40177	6	16227
40178	6	8520
40179	8	4113
40180	6	7979
40181	6	7424
40182	6	38168
40183	6	23199
40184	6	5589
40185	6	495
40186	6	10615
40187	6	28281
40188	6	6962
40189	6	777
40190	6	15814
40191	6	16241
40192	6	37398
166	0	40193
40194	6	17981
40195	6	12039
40196	6	5841
40197	6	335
40198	6	2137
40199	6	9510
40200	6	1988
40201	6	40202
40203	6	3398
40204	6	3485
40205	6	25260
2863	0	40206
40207	6	1603
40208	6	255
40209	8	211
40210	6	1147
34306	12	40211
40212	6	246
40213	2	28422
40214	6	1330
40215	8	14058
40216	6	5375
40217	6	17838
40218	6	1921
14742	12	40219
40220	6	19613
40221	8	1367
40222	6	14801
40223	6	495
40224	6	34531
40225	8	2005
40226	6	15886
40227	6	36258
40228	6	33103
40229	6	1617
40230	6	29645
40231	6	3540
40232	6	400
40233	6	499
40234	6	20189
40235	6	21627
40236	6	11595
40237	6	1147
40238	6	17710
40239	6	2631
40240	6	2756
40241	6	21115
40242	6	23631
40243	6	664
40244	6	32742
40245	6	4536
40246	6	15229
40247	2	2896
27744	6	40248
40249	6	10413
40250	6	109
40251	6	1165
18759	2	40252
40253	6	7979
40254	6	495
40255	8	29193
16397	6	40256
40257	6	7701
40258	6	7914
40259	6	246
40260	6	279
40261	6	37180
428	14	40262
40263	6	19767
1720	18	40264
40265	6	5589
11466	0	40266
40267	6	14758
40268	6	17240
40269	6	1410
40270	6	6336
40271	8	5156
40272	6	41
40273	8	2006
11983	0	40274
40275	6	251
40276	6	13593
40277	6	27949
40278	6	9510
40279	6	1261
40280	6	11985
40281	6	7379
13552	6	40282
40283	6	16668
40284	6	40285
40286	8	2425
24550	0	40287
40288	6	4088
40289	6	3483
40290	6	32527
40291	6	12601
40292	6	3833
40293	6	2587
40294	6	26355
3241	12	40295
40296	6	29429
40297	6	20075
40298	6	12955
40299	6	2370
1186	12	40300
40301	6	26097
40302	6	10502
40303	6	9998
19912	12	40304
40305	6	655
40306	6	973
36521	12	40307
40308	6	21475
40309	6	5693
40310	6	1750
40311	6	14467
40312	6	2409
40313	6	421
40314	6	13779
40315	6	25801
40316	6	37500
40317	6	195
40318	6	22284
40319	6	12575
40320	6	8141
40321	6	22610
40322	6	3225
40323	6	7704
40324	6	2274
40325	6	7670
40326	6	1310
40327	6	28475
18156	0	40328
40329	6	10944
40330	6	6559
40331	6	255
40332	6	4585
40333	6	20867
40334	6	1312
40335	6	7514
40336	6	1950
40337	6	37508
40338	6	528
40339	6	4115
40340	6	34099
40341	6	26743
428	14	40342
13880	0	40343
40344	6	2452
40345	6	5102
33325	0	40346
40347	6	907
40348	6	1350
40349	6	18237
428	14	40350
12769	2	40351
40352	6	125
40353	6	14818
40354	6	14556
40355	6	1790
40356	6	32597
40357	6	17150
40358	6	14405
40359	6	1310
40360	6	13983
40361	6	41
40362	6	10629
40363	8	1681
40364	6	40087
40365	6	23484
40366	6	421
40367	6	2233
40368	6	3599
40369	6	237
40370	6	2149
40371	6	5504
36037	0	40372
40373	6	25986
40374	6	633
40375	6	5588
40376	6	33708
40377	6	1554
40378	6	30028
40379	6	4391
40380	6	10615
16526	0	40381
17452	0	40382
40383	6	4202
40384	6	5537
40385	6	6
37529	6	40386
40387	6	21735
40388	8	29321
40389	6	28086
40390	6	7253
2236	12	40391
40392	6	2056
40393	8	8339
40394	6	24210
40395	6	22662
40396	6	34146
38636	0	40397
40398	6	7714
40399	8	211
40400	6	255
40401	6	26355
40402	6	28725
40403	2	20582
40404	6	25565
40405	6	495
40406	6	1550
40407	6	3483
40408	6	3186
40409	6	7206
40410	6	21230
18088	6	40411
40412	6	28281
40413	6	21323
40414	6	246
40415	6	7684
40416	6	28773
40417	6	6817
40418	4	225
40419	6	1271
40420	8	1437
40421	6	19835
40422	6	13310
40423	6	8052
40424	6	6191
40425	6	18573
40426	6	16008
40427	6	7958
40428	6	255
40429	6	2705
40430	6	27133
40431	6	12951
40432	6	6999
40433	6	36756
40434	6	12922
40435	6	279
40436	6	13746
40437	6	11392
40438	6	7611
40439	8	18062
40440	6	18228
40441	6	8974
40442	6	41
40443	6	2519
40444	6	39610
40445	6	6608
40446	6	17911
40447	2	18349
40448	8	1053
40449	6	7424
40450	6	8134
40451	6	24459
40452	6	19590
40453	6	34365
40454	6	12790
40455	6	22412
40456	6	1330
40457	6	17500
18539	12	40458
40459	6	23210
40460	6	22553
40461	6	1410
40462	6	25692
40463	6	8711
40464	6	17838
40465	6	15688
40466	6	15121
40467	6	495
40468	6	6221
40469	6	495
40470	6	10370
40471	6	1819
40472	6	8293
40473	6	9352
40474	6	6221
40475	6	20654
40476	6	20187
40477	8	1367
40478	6	415
40479	6	12358
40480	6	3861
40481	4	2122
40482	6	23707
40483	6	35368
40484	6	10995
40485	6	27987
24275	0	40486
4597	12	40487
40488	6	27627
40489	6	893
38855	2	40490
40491	6	36684
40492	6	3893
40493	6	18136
23222	0	40494
40495	6	1842
40496	6	28545
40497	6	14108
428	14	40498
40499	6	32735
40500	6	11922
40501	6	1181
40502	6	5565
40503	6	14599
40504	6	28496
40505	6	23256
40506	6	11044
40507	6	40508
40509	6	10553
40510	6	24956
40511	4	18196
40512	6	415
40513	6	23294
40514	6	3637
40515	6	8448
40516	6	14143
40517	6	3345
40518	6	1327
40519	6	495
40520	6	38623
40521	6	1410
40522	6	17646
40523	6	423
40524	6	19900
40525	6	12991
40526	6	40527
40528	6	12575
40529	8	38899
40530	2	9979
4841	0	40531
40532	6	192
16925	0	40533
40534	6	5165
40535	6	8815
40536	6	5860
13880	0	40537
40538	6	30109
40539	6	3540
40540	6	12562
40541	6	10264
40542	6	2958
40543	6	5426
40544	8	2006
40545	6	21230
40546	6	32135
40547	6	8286
40548	6	732
40549	6	1410
40550	6	8082
40551	6	683
40552	6	13722
40553	6	5086
40554	6	335
40555	6	1298
40556	6	4973
40557	6	18499
40558	6	12913
40559	6	5243
40560	6	34067
40561	6	15413
40562	6	4076
40563	6	2354
40564	6	3977
40565	6	2067
40566	6	3831
40567	6	11142
40568	6	10629
40569	6	18827
40570	6	21167
27262	0	40571
40572	6	5639
40573	6	17987
40574	6	1558
40575	6	18981
40576	6	6053
15635	10	40577
40578	6	915
40579	6	23669
40580	6	195
40581	6	8012
40582	0	9333
40583	6	17838
40584	6	9031
40585	6	3268
40586	6	2017
40587	6	9324
40588	6	3183
40589	6	11941
40590	6	255
40591	6	14143
40592	6	20961
40593	6	21685
40594	8	2939
40595	6	9839
40596	6	4832
40597	6	1188
40598	6	4530
428	14	40599
40600	6	12394
11309	0	40601
40602	6	14571
24513	6	40603
40604	6	17654
40605	6	16764
40606	6	32412
40607	6	9823
40608	6	17987
40609	6	415
40610	6	4658
40611	6	8996
40612	6	809
40613	6	14195
40614	6	8974
40615	6	2137
40616	6	28290
40617	6	2137
40618	6	11972
8402	2	40619
40620	6	2354
20403	0	40621
40622	6	4145
40623	6	26907
40624	6	21627
40625	6	11153
40626	4	3859
40627	6	7979
40628	6	495
40629	6	11508
40630	6	12614
40631	6	495
2474	0	40632
40633	6	10542
40634	6	121
2733	18	40635
40636	6	495
40637	6	2438
40638	6	5075
40639	6	3503
40640	6	1988
40641	8	22632
40642	6	23145
40643	6	4391
40644	6	4636
40645	8	991
40646	6	9598
40647	6	33598
40648	6	25650
40649	6	6559
40650	6	9739
40651	6	13296
40652	6	24448
40653	6	21167
40654	8	5468
40655	6	20803
40656	6	121
40657	6	10150
40658	6	30296
40659	6	21230
40660	6	7424
40661	6	930
40662	6	4536
40663	6	1427
40664	8	1221
40665	6	9045
40666	6	5375
40667	6	7490
906	2	40668
40669	6	15688
40670	6	664
40671	6	8974
40672	6	2033
40673	6	2137
40674	6	25475
40675	6	5984
40676	6	31393
40677	6	9987
40678	6	520
40679	6	2255
40680	6	4409
40681	6	16698
40682	6	12353
40683	6	2274
40684	8	311
40685	6	8278
17585	0	40686
40687	6	1390
428	14	40688
40689	6	27536
40690	6	2137
40691	6	21172
12231	12	40692
40693	6	37926
40694	6	3985
40695	6	36917
40696	6	15373
40697	6	3230
40698	6	23284
40699	6	16894
40700	6	7105
40701	6	16281
40702	6	3992
40703	8	3268
40704	6	23884
40705	6	31787
40706	6	36835
27491	6	40707
40708	6	36894
40709	8	5450
40710	8	2425
40711	6	3073
40712	6	18817
40713	6	3789
40714	6	7506
40715	6	2576
40716	6	7590
40717	6	2452
40718	6	5426
40719	6	2444
40720	6	860
40721	6	13343
40722	6	21458
40723	4	225
40724	6	3831
40725	6	709
40726	6	4158
40727	8	12628
40728	6	4497
40729	6	3540
40730	6	31393
40731	6	1188
40732	6	14143
40733	6	26753
2627	0	40734
40735	6	1629
30838	0	40736
40737	6	15688
40738	8	9040
40739	6	6498
40740	4	225
40741	6	2452
40742	6	195
40743	6	495
40744	6	17179
40745	6	21480
40746	6	19245
40747	6	255
40748	6	1214
40749	6	32531
40750	4	225
40751	6	27380
40752	6	13722
40753	6	28339
40754	6	27759
40755	6	10615
40756	6	7878
40757	6	3999
40758	6	37443
40759	6	17759
40760	6	10744
40761	6	12095
40130	0	40762
40763	6	30117
40764	6	23089
40765	6	33834
40766	6	5869
40767	6	17942
40768	6	835
11174	0	40769
40770	6	14813
40771	6	3485
40772	6	29463
40773	6	24406
40774	6	39893
40775	6	14725
40776	6	7878
40777	6	12039
18795	6	40778
40779	6	40555
40780	6	22565
428	14	40781
40782	6	7126
40783	6	23150
40784	6	3483
40785	8	311
9932	0	40786
40787	6	1494
29725	0	40788
40789	8	1367
40790	6	2069
40791	6	23501
40792	6	29
40793	6	6363
40794	6	26570
40795	6	15736
40796	6	1202
40797	6	15038
40798	6	10878
40799	6	9970
40800	6	21458
40801	6	1538
40802	6	11148
40803	6	39010
40804	6	7011
40805	6	6879
40806	6	12601
40807	6	11471
40808	6	27886
40809	8	2177
40810	8	1681
40811	6	3893
40812	6	11142
40813	6	3339
40814	6	14676
40815	6	12526
40816	8	5450
40817	6	22352
40818	6	5450
40819	6	18817
40820	6	23712
40821	6	4973
428	14	40822
40823	6	1958
40824	6	7424
40825	6	4426
40826	6	6849
40827	6	11788
40828	8	9040
40829	6	16698
40830	8	23874
40831	6	9599
40832	6	9030
40833	6	23004
40834	6	16156
40835	6	817
40836	8	6136
40837	6	4229
40838	6	12601
40839	6	5723
40840	6	23484
40841	6	12575
19478	6	40842
40843	6	20095
40844	6	15777
40845	6	9086
40846	6	6634
40847	6	8087
40848	6	4869
40849	6	30213
428	14	40850
40851	6	3534
8650	12	40852
40853	6	5970
40854	6	14801
40855	6	3236
40856	6	27759
40857	6	16156
40858	6	2827
40859	6	4176
40860	8	1367
428	14	40861
21802	6	40862
40863	6	8461
40864	6	5586
40865	6	14801
40866	6	2329
40867	6	15484
40868	6	495
40869	6	32531
40870	6	445
40871	6	4283
40872	6	16167
40873	6	24562
40874	6	5048
40875	6	7044
40876	6	2910
40877	6	4721
40878	6	400
40879	6	20095
1995	12	40880
40881	6	10149
40882	6	8769
40883	6	6613
40884	6	15886
40885	6	249
40886	6	900
40887	6	7272
40888	6	10432
40889	6	1390
40890	6	7855
40891	6	1362
40892	6	14586
40893	6	2153
40894	6	32637
40895	6	2354
40896	6	495
17987	2	40897
40898	6	7424
40899	6	12084
40900	6	9494
40901	6	16982
40902	8	1367
40903	6	7502
40904	6	361
40905	6	11973
40906	6	10433
40907	6	18062
40908	6	3017
40909	6	35566
40910	8	7611
40911	6	18425
40912	6	3047
40913	6	2706
40914	6	1842
40915	6	7442
40916	6	12964
40917	6	248
40918	8	1437
40919	6	10553
40920	6	3540
40921	8	7611
40922	6	1418
40923	6	12650
40924	8	5156
40925	8	2939
40926	8	22412
40927	6	13696
40928	6	3031
40929	6	21172
40930	6	2446
40931	6	17954
40932	6	3540
40933	6	14405
40934	6	3757
40935	8	2425
40936	6	22661
40937	6	8442
40938	6	20245
40939	6	16746
40940	6	12375
40941	6	5616
40942	6	248
36893	2	12022
24571	2	37032
36901	6	41
166	0	36993
166	0	36902
37030	6	11884
37018	6	25097
6868	2	37020
37071	8	1053
36999	6	10944
36956	6	12287
24612	2	37030
10527	2	37295
7983	2	37077
36926	6	3314
15326	6	36977
25295	2	37213
37228	6	10189
37129	8	211
35863	12	37221
1203	12	36933
37261	12	26275
2733	18	37389
32640	2	37301
843	12	36925
37394	6	30621
36918	8	211
5092	2	37321
33758	8	37073
36980	4	225
37139	6	2015
36943	6	3207
37478	8	1681
36848	6	462
6939	2	37076
37186	2	18800
25004	0	37305
34410	0	37111
428	14	37264
8937	2	37051
6964	6	36904
35228	6	37331
37194	6	5573
23066	2	37267
37163	6	2527
37413	6	30567
541	18	37150
2145	10	37211
37505	6	4242
37133	6	1181
2733	18	37486
31914	0	37469
166	0	37048
36902	6	423
7973	6	37365
7182	0	37245
36861	2	25041
4732	2	36997
37378	6	12707
7126	16	36939
2549	0	37639
36895	2	35880
37713	8	2005
36983	12	29220
37695	6	23974
32551	0	37289
36850	6	661
37484	0	26312
28761	12	37609
37121	6	462
35822	6	36866
37077	6	3225
37197	6	11872
24893	0	37546
5511	12	37205
36975	0	11550
37136	6	8524
37121	0	34118
6153	12	37190
37770	8	14336
1496	6	37600
37674	2	7284
37653	4	225
2419	12	37424
37447	6	10755
37749	6	11227
37616	4	499
37656	6	10734
3984	0	37176
37022	6	33309
37457	6	20446
37862	4	851
15857	0	37436
37679	6	21895
37599	8	135
37794	6	4186
36936	6	13055
37287	2	17626
36904	6	6573
37396	8	8382
36944	8	2359
36998	6	14925
10025	2	37211
19199	6	36947
19741	2	37308
37203	2	21493
37043	6	16276
37270	6	11603
37629	2	23843
37261	6	4195
12528	0	37450
37765	6	421
36779	6	37117
37473	2	566
22559	0	37813
37555	2	7927
24275	0	37266
37309	2	10640
37096	8	211
901	0	36908
37629	6	6603
428	14	37660
36877	6	2608
37792	6	7303
27365	0	37090
32421	0	37684
38034	6	22748
37677	6	5521
20938	2	37580
37580	2	20938
37338	6	9258
17882	2	36859
38007	6	4383
24869	0	37822
38035	8	1681
547	12	37528
37029	6	35416
37474	6	24837
23792	0	36851
38015	6	2613
36892	6	11985
37834	6	31769
36937	6	23407
37562	2	4385
12474	0	37055
37157	6	5155
37446	6	36667
16959	2	37712
11397	6	37017
37573	2	30071
22878	2	37980
37970	2	33736
37592	6	7092
3105	2	37309
37680	6	7424
37225	6	9719
38132	6	411
37355	2	28931
37331	6	1480
5078	12	37900
38103	2	14001
1924	2	37312
30435	6	37052
38110	8	4625
37862	6	11732
37863	6	421
33925	6	37101
4096	12	37125
36900	2	26716
37809	4	11958
38155	6	4482
8107	12	37724
37130	0	25927
37472	4	1831
6122	14	36884
37108	2	12370
4783	0	37919
37294	0	32556
4315	2	37548
30613	12	38215
37644	8	211
19967	12	38022
37946	6	24387
38251	4	1565
19440	12	37465
37998	4	1298
37016	6	1988
4176	12	37980
37776	8	1367
18270	12	37586
2499	6	38095
21366	2	38159
22377	0	37849
37484	6	2015
6493	12	37116
12040	0	37275
37444	6	12650
37069	6	423
36930	2	6532
38272	6	32386
5205	2	37012
37100	2	4536
21279	2	37321
37255	0	20687
37107	2	16489
37781	10	1089
36893	6	1132
37859	2	5932
37878	6	1842
6562	2	37998
20333	12	37989
10372	2	37049
37951	2	6791
36968	6	1775
37716	6	9002
31002	6	37827
37985	6	13336
37429	2	4808
33898	2	38060
38340	6	20612
36975	6	1775
37301	2	32640
774	0	37918
34164	0	38085
14624	2	38272
37470	4	633
12404	0	38039
35355	2	37509
37372	6	10884
37806	6	335
37507	6	411
37788	2	12970
37978	6	488
36949	6	1801
38319	6	411
21545	14	37875
36902	0	38417
38203	6	34420
37976	6	16992
37071	4	10357
37957	12	31831
25665	6	37185
1008	14	37478
38093	2	6896
25444	0	37185
37560	2	1418
36872	2	3062
37762	6	22979
2863	0	37584
37639	6	3722
37901	8	211
18033	2	37949
37885	6	6867
1438	14	37184
17788	12	38026
28423	12	38371
37329	6	17199
33379	0	37512
7416	2	37362
2140	0	38452
37208	6	3179
7598	2	38048
37587	6	22696
17260	2	37200
37211	6	9669
37361	6	1181
38075	2	973
4816	0	38392
37020	6	5860
21601	0	37284
19298	6	38239
28772	6	37810
2627	0	38517
37954	0	32853
428	14	38043
38285	6	1466
37377	6	1061
38129	6	423
37790	6	20569
3045	0	37999
12148	0	37202
11990	0	38372
37513	4	28449
38180	2	30689
36987	12	3475
5396	0	38115
23107	0	37313
37814	8	5790
37127	6	3784
37616	8	691
27937	6	37798
37623	0	23608
1642	0	37172
38483	6	16444
38073	2	22091
38040	8	211
38271	2	10948
37407	6	14609
30431	0	37783
3695	0	36912
36878	6	2444
38581	2	6139
4903	6	37030
38222	6	319
16100	12	38404
38219	6	8880
38337	6	2527
36891	12	30321
38616	2	32761
29421	2	38449
11555	0	37398
37623	6	2989
37050	4	702
38246	6	466
38558	6	20254
11466	0	37094
37063	2	7070
19971	0	37557
774	0	38407
38484	6	1819
37602	2	12028
17986	2	37516
37919	6	3722
38209	8	211
38111	6	15859
8511	0	37790
38010	6	2015
22091	2	38073
15515	12	38295
37148	6	339
38012	6	36363
2570	2	38200
38399	6	731
5672	0	38382
37595	6	1181
37038	6	33088
3358	12	37894
38436	6	1643
37382	6	6453
37516	6	27351
10754	12	37039
37580	2	16164
428	14	38742
3853	6	37281
37710	6	2974
37890	6	698
8585	2	38644
37553	6	7755
13646	2	38451
6303	0	37373
38436	0	28758
37141	6	3855
38271	6	495
37112	6	2531
36967	6	17628
38536	6	30193
32472	6	37052
36990	8	1681
16164	2	37580
36207	0	37086
37391	6	3540
36930	2	18059
25273	2	38015
38756	6	655
38061	6	28735
5597	0	38129
38781	6	4348
38374	6	21472
29070	0	38677
428	14	38804
5665	2	37246
38042	0	34639
15956	2	38741
17981	2	38222
4783	0	38042
38748	0	33571
37359	2	18337
30333	0	38645
34012	12	38530
38644	6	30372
37952	6	6435
36862	6	462
5802	12	37466
10353	0	38028
432	0	38500
37068	8	135
38062	6	18771
38701	8	11193
37498	6	20456
36859	6	1390
29409	2	37178
37269	2	16959
37366	8	3110
38006	6	24264
37573	6	29726
28079	2	37952
36909	6	9321
9410	0	38433
38126	6	21789
38893	0	23065
38248	6	38203
37610	6	11765
186	0	38304
38748	6	731
37720	6	5740
21515	6	37573
22152	6	38086
37360	6	423
37299	6	8528
38332	2	33004
38380	6	589
8299	14	38442
37966	8	1221
1950	6	38167
1399	12	37613
4401	0	37979
38264	0	34293
26435	2	37489
21545	12	38133
37358	6	25697
17155	2	37711
36865	2	35115
37193	6	21785
37302	8	135
33279	2	36850
37441	16	20892
37486	6	7801
38499	4	10891
16460	0	37551
37707	6	35643
1199	0	38178
34873	6	38028
37278	6	698
38866	6	7591
38437	8	6109
2924	0	38216
38584	6	12575
38650	6	1310
38297	2	26152
38602	8	5450
37308	6	16326
37346	8	27976
15515	14	37184
38930	2	22054
37284	6	2440
37925	8	211
37386	6	7457
24384	0	37945
37570	6	702
38419	2	37010
38935	6	12922
38509	6	5011
37591	6	6022
38935	2	25077
37399	6	1219
31363	2	37664
36857	2	14629
38541	6	3962
24846	12	37332
2326	10	37277
37107	6	18594
604	0	38746
37714	6	8266
37531	6	5565
11016	2	37459
2931	0	38163
27357	0	38778
37674	4	1144
37603	6	23092
7020	2	36855
37777	6	6737
37952	2	28079
5913	6	38615
37688	6	335
38461	6	21240
37187	2	28515
38133	8	1357
37351	6	37159
37701	4	1264
37459	6	8607
36791	2	39063
15515	14	38909
38894	6	20140
37100	6	2006
37721	6	17351
37829	4	11534
37895	6	12788
37782	6	25862
38441	6	15916
37161	2	37716
22687	0	37671
37664	2	31363
21984	0	38330
38408	6	8664
37461	6	1181
39118	0	4040
13464	12	37586
5602	0	39024
7144	12	36933
37599	8	211
7746	6	38208
38362	2	31426
38844	6	625
37004	6	12241
1724	14	38849
11305	6	37686
37548	2	4315
39139	6	11336
38878	6	4341
36928	12	10675
38968	6	423
36951	6	23236
37848	2	28510
2036	12	37617
18938	12	39048
13922	2	37452
38869	16	36800
342	0	37568
37614	6	1673
38469	2	24512
38789	6	41
38941	6	2137
15072	0	37326
5078	6	38246
25756	0	38813
10640	2	37309
13771	6	38377
37592	4	16216
37347	0	34686
36855	2	7020
38048	6	19533
3381	12	39019
38351	4	1298
12108	12	38513
8271	0	37280
38658	6	10188
1291	0	37753
13374	2	38663
37565	6	6011
1214	12	37699
37132	6	19893
26454	6	37138
37354	8	17457
38754	6	10638
366	12	37971
38995	10	14407
38539	6	5718
4044	2	38237
37312	2	1924
37535	6	31459
28699	2	37777
12988	0	37833
901	0	38486
38241	6	423
38839	8	1053
37657	6	897
25559	12	39034
39033	6	979
11251	0	36864
36460	6	38433
38529	4	1144
39140	6	4181
38431	2	38327
38481	6	32924
1624	2	37006
37404	6	7463
39207	4	12603
28122	6	39098
15330	12	37780
3639	2	37756
37333	2	20972
38073	2	22092
36957	4	5202
37261	12	27630
18539	12	39232
38714	6	1842
38700	8	8382
37775	6	7269
32868	6	38666
36929	6	23372
36870	6	125
39013	6	23524
37265	8	2359
8980	0	39253
38451	6	1881
20686	12	38762
541	18	36935
3063	0	38181
38826	2	24255
37761	8	211
37203	2	386
5173	12	37234
38921	6	39219
36914	6	1810
17026	2	38408
36956	2	459
38094	0	22422
37203	6	10228
12374	2	37941
22829	0	38588
37751	12	11769
36849	6	8402
38051	4	702
38341	6	1313
37492	6	3745
38772	6	18218
38515	6	900
37003	6	29992
37993	6	14580
38074	6	755
36841	6	38692
32457	2	37054
37975	4	225
37653	6	26688
38957	6	36379
37246	2	5665
38463	6	1819
21202	0	38837
37804	0	13066
38662	2	38661
17680	10	38969
37712	2	16959
30764	0	38344
29097	6	36961
38829	6	3488
38160	12	3475
38305	2	18723
23508	0	37650
38168	4	2279
37698	6	353
37050	6	20168
37965	0	3219
27365	0	38720
37686	6	2017
39025	4	1240
36761	6	38085
9880	0	38573
38320	6	22120
37302	8	1221
39164	6	546
3866	12	39360
166	0	39326
37665	4	225
36902	0	2173
37870	6	3945
37810	6	21332
13490	0	37991
38148	6	6727
37068	8	211
7144	12	37118
37478	12	18149
13348	2	38543
38346	6	6329
38660	6	25390
5981	2	38164
28943	0	37386
21536	2	38029
23491	2	38200
38373	6	14661
38483	2	460
37028	6	3110
36874	0	3772
37191	12	6308
39000	6	711
4283	2	37435
37517	0	38027
8298	0	38074
28044	0	39335
11466	0	37793
39195	6	2762
16052	2	38890
34576	6	37815
38265	6	15322
38741	6	8880
380	12	39171
39326	0	7347
35628	2	38894
37223	6	41
37427	6	4735
5732	0	38817
38315	6	15709
38471	8	1367
35880	2	36895
36653	0	38551
38866	4	13906
37088	6	3147
39230	2	17316
38662	6	16207
12148	0	37526
38134	6	19805
38469	6	31124
38287	6	16352
39318	4	5466
37536	6	7242
34579	2	38067
37375	6	2000
38119	6	6954
38612	6	12434
37224	6	4438
3631	6	39345
10393	6	37677
38514	2	31078
1720	18	39147
1720	18	38864
38016	0	28117
38852	6	11106
37173	6	24530
4841	0	37583
38613	6	3207
38332	6	15139
37430	6	31925
39436	6	17710
37050	2	36342
37056	2	33512
38480	6	4703
21653	2	37615
37314	16	2896
38029	2	21536
16354	0	39001
37243	12	29843
34405	0	37881
38283	6	246
16767	2	38253
38530	0	10466
37681	6	1775
38375	2	32569
6571	0	37363
37346	12	28385
166	0	37808
36977	6	8712
37719	4	851
39273	8	5921
38989	0	33022
19738	0	37837
35695	0	37058
39308	6	9439
38808	6	27418
1339	12	38442
36193	6	39309
37495	6	1775
20791	0	37278
37801	6	2886
38597	6	3179
10353	0	37517
24275	0	37494
19210	18	37559
38130	2	7258
37238	6	23243
39469	0	36198
1222	18	38063
38724	2	38689
12763	6	36930
37346	12	37571
39099	6	462
37301	6	12615
38507	6	29830
38759	6	20379
34646	12	37356
17375	2	37028
38158	0	39110
37998	2	6562
37169	6	9197
38449	6	8729
39465	6	423
38585	2	38584
37511	6	12949
21644	0	38056
18337	2	37359
12033	0	37199
37483	4	499
39435	2	7827
38459	8	2006
37421	4	225
37247	12	3914
669	0	39477
29489	0	39409
39490	6	12039
26255	2	37269
39497	6	12084
38273	6	421
13208	12	38737
38776	6	2886
39349	6	33010
21049	0	39480
10362	0	37880
37335	6	2444
39028	6	19970
39188	8	8339
24217	6	39080
18270	12	38719
37269	2	26255
38574	8	1681
688	12	38811
27227	0	38078
12022	2	36893
11818	2	38029
27950	2	39430
24730	10	36988
38639	6	20294
39079	2	14544
37470	2	20453
15706	0	37453
37626	0	27450
39584	6	2626
2714	0	38512
39565	6	5155
37933	6	655
37567	2	37885
1647	12	36990
11147	12	37167
37675	6	2447
12207	2	36879
25246	0	39138
541	18	39373
36890	4	1240
7973	2	37498
37647	6	731
36891	12	1342
25231	0	38082
39091	8	7449
2143	12	39433
39242	2	28709
1647	14	37478
37839	6	9248
12265	0	39090
2419	12	38516
38672	6	335
39421	6	6270
7927	2	37555
38909	6	5156
39501	6	1544
23990	0	37191
37935	4	11399
9725	2	37572
38735	2	26421
30767	12	38828
39369	6	125
37248	6	255
38146	6	6559
37063	6	1502
29597	0	39029
37054	6	495
22175	2	37136
479	2	39569
23389	2	39432
38622	6	10962
7622	12	38703
39517	8	5921
37111	6	2596
5868	6	38242
4865	2	37896
37067	2	13172
38482	6	4585
38211	6	3771
166	0	39376
39274	6	5560
38055	6	12505
39189	4	702
37185	6	34364
20797	2	39551
13514	6	39498
37816	6	10885
39649	6	1181
39371	4	225
3508	0	38091
10418	0	39495
37930	6	12651
39529	6	655
37771	6	7916
3580	12	38243
27611	0	39167
37391	2	32311
7469	12	36877
38806	6	3816
16959	2	37269
38227	2	27463
26477	2	37834
39199	6	4812
28885	2	36967
345	0	38917
37761	8	135
38694	2	4341
39421	0	12099
38785	6	15188
2733	18	39142
1222	18	39194
38301	6	24965
37108	6	4614
33416	16	36854
38166	12	30625
38068	6	8430
37114	12	14236
30834	6	36960
35877	6	39149
12631	12	38867
38278	6	8204
38103	6	3981
35899	6	38477
11337	6	38261
38212	6	33737
39152	2	11034
30882	2	38461
34997	2	36966
37537	6	19343
37744	6	32924
37666	6	1842
39752	6	698
4565	12	37496
39242	6	29893
37232	6	3896
31349	0	36880
9485	0	37505
6950	6	37941
39625	2	4829
37940	6	2354
27233	0	37212
39130	6	2844
37397	6	34728
39546	4	225
38809	6	39377
948	14	37179
39467	6	11989
39210	6	117
39544	8	1221
37577	12	3003
428	14	36940
5672	0	39516
37678	2	1654
37865	8	31093
39638	6	9404
38643	6	4658
2188	0	38430
37543	6	31414
39539	6	7224
39392	6	1322
36921	6	279
38236	6	18918
13499	0	37143
37352	4	1240
37105	2	19572
37954	6	655
166	0	37942
37077	2	14991
38116	6	979
29015	0	38235
37452	2	13922
39183	6	3207
37626	6	423
17316	2	39230
8443	2	38634
32858	2	37896
20243	2	38663
39521	6	698
38862	6	13075
292	0	37846
4850	0	37294
39115	2	35078
37284	0	36366
39709	6	3988
37321	6	6817
2733	18	39224
37312	6	3608
38580	6	4680
38844	0	3290
36928	6	20416
38434	10	13939
36934	8	1681
19395	6	38245
38118	6	1484
1720	18	38819
39232	8	3607
29541	6	38141
11778	2	37290
36852	6	4497
1724	12	39745
23893	0	39250
39222	8	6428
27824	6	37533
428	14	38695
30659	12	38623
37965	0	18229
38874	6	2973
37464	4	225
11716	2	37627
38768	6	4695
36995	6	8361
4597	12	37081
39770	6	10523
1905	0	37606
39742	6	3150
37980	6	4834
39137	18	37196
38164	6	10632
16447	12	39757
27023	0	39603
38880	6	1657
38183	12	26717
36939	16	7126
4831	2	39000
8854	12	38545
39738	6	23946
37266	6	3816
38697	2	19001
10078	0	36874
39328	6	2710
37012	2	5205
3653	12	38438
6081	12	39717
38681	6	328
38329	4	225
4903	2	37344
38200	2	2570
37832	6	28693
22160	0	37255
37106	6	34027
4648	18	39224
4341	2	38694
35060	6	39556
37099	6	698
37294	6	2015
428	14	36881
21296	0	36951
39168	6	14723
30832	6	38445
38557	0	38774
38248	12	17797
38770	6	14591
38796	6	7304
37035	6	2097
5732	0	37539
36979	6	3890
39234	2	31158
36942	6	10471
36907	8	12958
38923	6	12542
12108	12	39543
37015	6	29416
37752	6	35911
24933	12	39114
31158	2	39234
37467	6	625
38962	6	625
37858	6	698
37248	2	51
36883	6	3183
39797	6	4703
37032	6	25791
38590	12	24220
4301	14	38524
38735	6	2045
37487	4	17368
11235	12	37850
1203	12	38335
39681	8	8269
8668	0	36963
39292	4	225
38346	6	8402
24397	2	37762
7687	12	39682
7163	0	38877
19836	8	39320
38194	4	18887
8299	12	39568
18964	2	38219
27673	0	39174
39447	6	384
26969	0	38725
13473	2	39354
37988	6	23884
37267	2	23066
33805	2	39401
37950	8	12291
39933	4	5237
38503	6	7704
37742	6	19700
37693	2	3928
39637	2	6901
37665	4	702
33300	0	36896
36889	6	25710
37733	4	851
37257	8	2025
20930	12	38966
38210	2	1632
9481	14	38037
15570	2	39120
36979	2	3202
13220	0	38731
39318	6	2088
1905	0	37593
36986	6	2434
9534	0	38569
38357	6	411
39050	4	633
39543	4	702
39576	6	3855
11034	2	39152
26177	0	38564
37058	6	1165
1901	0	37356
37472	6	35106
37949	6	16485
39305	6	24433
38905	4	702
35078	2	39115
14730	12	38818
8667	0	37784
37787	4	10357
38088	6	7457
39438	2	17994
39801	6	28271
39297	6	4009
25485	6	38261
10036	12	39239
13791	2	37896
1265	0	39534
39468	6	36011
39971	6	39911
38906	8	211
428	18	37113
2419	12	38902
20589	0	37304
37372	2	19663
39119	6	4560
37953	6	20321
38169	6	10381
13142	6	38568
39176	8	211
10754	12	37333
39615	8	26454
38297	6	19959
36800	16	38869
11950	12	38440
38826	6	495
38581	4	702
31967	0	38017
4415	2	37591
36933	8	1681
901	0	39622
37295	6	5922
37130	6	3722
38028	6	15906
38881	6	19939
6313	12	39604
38520	6	7698
35686	0	37922
37737	6	1388
38159	2	21366
39874	2	1388
38617	8	29880
38676	6	13505
39800	6	238
39515	6	1388
39802	6	23479
770	0	38621
37252	8	6297
6009	12	39155
6122	12	38848
25174	0	39839
38314	2	9422
23657	6	37120
39562	4	3970
37662	6	32806
38910	2	16680
38495	6	1132
13380	12	36858
37066	6	6737
39448	6	558
9587	2	38634
28316	2	38770
38539	12	25172
40043	16	28097
13401	6	39436
20333	6	40034
37047	2	1531
4565	12	38886
3716	2	38038
23908	2	38751
37793	6	3855
37920	6	15152
2733	18	38252
15138	2	38531
37058	0	37093
27290	12	37802
38916	6	14244
37262	12	36694
40070	2	10477
40039	2	21796
37796	6	423
35575	0	39416
38987	6	1181
2234	2	40041
38891	6	9158
37533	6	14677
37944	6	589
37757	6	5011
21845	12	39630
541	18	39304
10897	0	39910
11653	0	37947
37896	6	520
8267	0	37795
37848	6	9070
38601	6	1775
27518	0	37374
30796	6	40042
8720	2	39528
39802	2	8055
7198	0	39723
13010	0	40081
39094	6	27850
37216	2	665
39031	6	900
37388	6	3447
37093	0	6168
36331	2	37929
27193	2	39965
37539	6	411
37137	6	2962
28504	6	39842
37076	2	13302
37220	6	39988
39314	6	26041
39795	0	356
34050	16	39274
37356	8	949
37262	12	10731
38981	6	1502
38180	6	5088
39697	6	12738
352	0	39924
39126	6	21172
39352	6	14180
39706	6	8528
38387	2	7521
34798	12	39756
37076	2	6939
37489	2	26435
5932	2	37859
37051	2	8937
1912	12	39704
12142	12	37691
39206	6	29222
37987	6	2015
39652	2	28547
37750	6	5969
38871	6	4709
39637	6	20405
21701	0	38715
37627	6	7710
27994	6	39925
38522	6	1181
2753	12	39750
25523	2	36936
37013	0	24602
11037	6	39770
1214	12	38919
28547	2	39652
37756	6	12069
2714	0	37467
37608	6	26665
37126	6	421
38756	0	18096
11308	0	37542
39134	6	3688
39799	2	21695
37292	6	33223
35773	6	37237
38200	6	1256
18615	2	37751
37350	6	6032
37171	2	37170
38910	6	18660
38972	2	29218
37841	6	21192
39744	2	12857
39345	4	702
38989	6	411
39365	2	5927
39343	8	211
39612	2	8336
34617	2	39437
8236	2	37653
1972	0	40130
17024	6	38095
29218	2	38972
2202	0	40000
1867	2	37830
37392	6	495
18987	12	38757
38042	0	33024
40027	2	5809
37144	6	4756
17244	6	39738
39880	2	23085
39744	6	5403
37852	6	4736
17994	2	39438
40124	0	38355
39367	6	335
38058	6	23274
20324	12	37605
8315	2	39631
37845	6	698
17136	16	38200
1199	0	40094
36127	6	36886
37866	6	2312
37183	4	2721
39400	6	8833
11317	12	37070
37980	2	22833
38173	0	14417
11770	12	38821
2292	2	40125
39530	6	8066
30877	2	38308
40171	6	18552
37189	4	4079
10517	0	38918
39397	6	6115
37618	8	949
14544	2	39079
38884	6	16756
6532	2	36930
38978	8	211
38699	6	14925
21883	0	37684
38447	4	11357
39918	6	1165
38493	6	3207
39671	4	1565
16945	2	37567
3619	2	37124
40123	6	39027
20437	16	37136
9703	2	40055
16308	0	37934
37602	2	28050
37310	6	655
39771	6	4186
380	12	37607
39538	6	353
38419	6	3711
38461	2	30882
1796	2	37771
23837	0	39851
292	14	39884
39509	6	8698
37983	6	698
36977	2	7514
38323	6	7457
4173	12	39379
25381	2	40175
39459	2	13159
3381	12	37335
38815	6	14925
37434	8	211
37309	6	19695
38096	6	17500
38494	2	12780
36941	6	10286
40038	6	5048
37027	6	423
38393	6	207
29909	2	39284
39205	6	1338
14558	6	40016
37141	0	37747
37702	10	22720
39957	2	38577
38460	6	18615
39218	6	353
27010	12	37620
1090	0	38158
38661	6	14546
40019	6	17331
38377	6	21197
39349	2	37174
16706	0	37276
21191	0	36895
40087	6	33930
30421	12	36915
37697	6	19469
36911	2	3689
38729	6	15490
40138	6	10286
39729	6	661
39560	0	32925
37103	12	30921
39216	6	3601
37929	6	14564
39633	2	39633
38170	4	1264
37514	6	4314
37449	6	16276
40173	6	29714
30361	0	37984
37693	6	37867
166	0	37360
39799	6	8228
37455	6	655
39892	6	33603
10100	2	40009
38647	4	4977
40125	2	2292
18789	12	39591
37640	6	421
9106	0	38893
10622	0	37440
39016	6	4648
4808	2	37429
19957	0	38089
38208	6	2110
6122	12	39852
37285	4	499
39185	6	18813
37743	6	840
39898	6	19533
37896	2	13791
37232	2	6680
8336	2	39612
39709	4	702
34452	2	37953
11682	0	38173
40088	12	36416
21049	0	38885
39951	6	698
13702	0	39261
692	12	38497
38264	6	5120
37182	6	4636
39979	8	13529
36945	8	2025
25500	0	37013
37233	6	20649
37678	6	30657
38274	6	19961
38019	6	26786
39913	2	18975
37080	6	207
38724	6	495
40119	6	4541
12970	2	37788
38737	12	15620
37187	2	13987
1214	12	39628
39825	8	6109
37485	6	1181
37937	6	1502
39132	6	544
28515	2	37187
40014	6	25570
19160	0	40028
37932	6	1854
38091	0	17759
22391	0	38896
38722	8	1357
37560	6	30440
39458	6	1181
39996	0	20398
32761	2	38616
38115	0	22469
37067	6	12772
39604	8	1357
38432	6	3501
39017	8	17028
30527	8	37459
36324	2	37224
7518	6	36893
19761	6	38415
1596	2	39733
36879	2	12207
39411	12	38949
38614	6	421
38956	2	1506
37656	2	15141
26917	0	40165
26903	6	37906
39070	6	32590
37062	8	4101
37818	6	11074
15988	0	39796
6180	0	39053
38383	2	30540
21065	0	37863
37998	6	1297
38430	0	15753
37852	2	131
22733	2	39255
17258	0	39266
38274	2	15843
508	0	39246
37056	6	28898
38618	8	211
32330	12	40105
6493	12	39772
15606	0	39905
11298	2	39436
36924	6	16758
37554	6	27832
39922	6	462
4648	18	38118
39006	2	32903
36177	2	39870
37317	6	804
37877	2	7328
28162	0	38238
37010	6	37105
40147	8	18755
39843	2	11835
9266	2	37995
38477	6	9273
38356	6	14171
37061	6	1181
24955	0	40020
39965	6	24284
40287	6	1589
37751	2	18615
39365	6	3963
26632	2	39016
40248	6	1742
37584	0	2321
10186	2	37952
38178	6	655
38734	2	24396
6122	12	40088
38009	6	5538
23078	0	39560
13796	0	39774
37963	6	423
35195	2	39202
3508	0	39170
37200	2	17260
39350	8	18865
416	2	40015
20005	14	40023
37142	4	3885
38739	6	31491
39283	6	6697
5458	0	39574
39038	4	2122
4914	6	38331
27463	2	38227
16149	0	37160
39003	2	6681
39062	6	3722
35759	0	39162
15768	0	40305
37860	6	14695
