0	0.005845942228335626
1	0.009972489683631363
2	0.025103163686382393
3	0.003094910591471802
4	0.012035763411279229
5	0.012379642365887207
6	0.015130674002751032
7	0.00859697386519945
8	0.007221458046767538
9	0.06911966987620358
10	0.001375515818431912
11	0.006533700137551582
12	0.007221458046767538
13	0.004470426409903714
14	0.002063273727647868
15	0.007565337001375516
16	0.012379642365887207
17	0.005502063273727648
18	0.004126547455295736
19	0.01547455295735901
20	0.011348005502063274
21	0.3204951856946355
22	0.007909215955983494
23	0.024071526822558458
24	0.009284731774415406
25	0.016162310866574967
26	0.004126547455295736
27	0.007565337001375516
28	0.011691884456671253
29	0.006533700137551582
30	0.011004126547455296
31	0.003782668500687758
32	0.007565337001375516
33	0.025103163686382393
34	0.06292984869325997
35	0.009284731774415406
36	0.0034387895460797797
37	0.004814305364511692
38	0.024759284731774415
39	0.002407152682255846
40	0.15130674002751032
41	0.004126547455295736
42	0.01925722145804677
43	0.024071526822558458
44	0.006533700137551582
45	0.01581843191196699
46	0.016506189821182946
47	0.009628610729023384
48	0.04264099037138927
49	0.004470426409903714
50	0.007565337001375516
51	0.002063273727647868
52	0.001375515818431912
53	0.013755158184319119
54	0.00515818431911967
55	0.009628610729023384
56	0.007565337001375516
57	0.004814305364511692
58	0.006189821182943604
59	0.003782668500687758
60	0.006189821182943604
61	0.0515818431911967
62	0.0034387895460797797
63	0.18259972489683632
64	0.007565337001375516
65	0.007565337001375516
66	0.006533700137551582
67	0.013067400275103164
68	0.00515818431911967
69	0.14924346629986246
70	0.011691884456671253
71	0.009284731774415406
72	0.011691884456671253
73	0.007909215955983494
74	0.011348005502063274
75	0.04298486932599725
76	0.006189821182943604
77	0.002063273727647868
78	0.013067400275103164
79	0.01685006877579092
80	0.0017193947730398899
81	0.007221458046767538
82	0.012379642365887207
83	0.006189821182943604
84	0.004470426409903714
85	0.004470426409903714
86	0.007221458046767538
87	0.010660247592847318
88	0.051925722145804674
89	0.004814305364511692
90	0.007909215955983494
91	0.003782668500687758
92	0.00515818431911967
93	0.004470426409903714
94	0.16987620357634112
95	0.023727647867950483
96	0.008253094910591473
97	0.003782668500687758
98	0.01891334250343879
99	0.019944979367262725
100	0.005502063273727648
101	0.04436038514442916
102	0.003094910591471802
103	0.002751031636863824
104	0.005845942228335626
105	0.004470426409903714
106	0.109353507565337
107	0.00859697386519945
108	0.003782668500687758
109	0.016506189821182946
110	0.002407152682255846
111	0.019944979367262725
112	0.08872077028885832
113	0.035419532324621736
114	0.004126547455295736
115	0.002063273727647868
116	0.002751031636863824
117	0.0202888583218707
118	0.005845942228335626
119	0.027166437414030263
120	0.004126547455295736
121	0.009972489683631363
122	0.004814305364511692
123	0.02888583218707015
124	0.002751031636863824
125	0.002407152682255846
126	0.024071526822558458
127	0.004814305364511692
128	0.01581843191196699
129	0.002751031636863824
130	0.002063273727647868
131	0.005502063273727648
132	0.011691884456671253
133	0.0068775790921595595
134	0.041953232462173314
135	0.007221458046767538
136	0.00859697386519945
137	0.004814305364511692
138	0.00859697386519945
139	0.006189821182943604
140	0.004126547455295736
141	0.00859697386519945
142	0.016162310866574967
143	0.002751031636863824
144	0.001375515818431912
145	0.002751031636863824
146	0.008253094910591473
147	0.0017193947730398899
148	0.0034387895460797797
149	0.008940852819807428
150	0.004814305364511692
151	0.027166437414030263
152	0.002751031636863824
153	0.004470426409903714
154	0.00859697386519945
155	0.005845942228335626
156	0.007909215955983494
157	0.028198074277854195
158	0.005502063273727648
159	0.011691884456671253
160	0.00515818431911967
161	0.01031636863823934
162	0.002407152682255846
163	0.003094910591471802
164	0.006189821182943604
165	0.004814305364511692
166	0.00515818431911967
167	0.014786795048143054
168	0.004126547455295736
169	0.020976616231086657
170	0.0034387895460797797
171	0.0068775790921595595
172	0.005502063273727648
173	0.009284731774415406
174	0.007909215955983494
175	0.007565337001375516
176	0.005502063273727648
177	0.009972489683631363
178	0.005502063273727648
179	0.026478679504814306
180	0.007565337001375516
181	0.01891334250343879
182	0.00859697386519945
183	0.001375515818431912
184	0.0017193947730398899
185	0.013411279229711142
186	0.004126547455295736
187	0.006533700137551582
188	0.008940852819807428
189	0.15990371389270977
190	0.004814305364511692
191	0.029917469050894086
192	0.009628610729023384
193	0.004126547455295736
194	0.007909215955983494
195	0.002751031636863824
196	0.005845942228335626
197	0.009628610729023384
198	0.00515818431911967
199	0.005845942228335626
200	0.007221458046767538
201	0.028198074277854195
202	0.0034387895460797797
203	0.0017193947730398899
204	0.001375515818431912
205	0.001031636863823934
206	0.005845942228335626
207	0.0017193947730398899
208	0.009284731774415406
209	0.002063273727647868
210	0.001031636863823934
211	0.017881705639614855
212	0.003094910591471802
213	0.002751031636863824
214	0.004126547455295736
215	0.01547455295735901
216	0.004470426409903714
217	0.04126547455295736
218	0.00515818431911967
219	0.002751031636863824
220	0.0034387895460797797
221	0.007909215955983494
222	0.004126547455295736
223	0.012723521320495186
224	0.01547455295735901
225	0.001375515818431912
226	0.014099037138927097
227	0.0034387895460797797
228	0.002063273727647868
229	0.00859697386519945
230	0.0068775790921595595
231	0.009972489683631363
232	0.021320495185694635
233	0.0017193947730398899
234	0.0017193947730398899
235	0.003094910591471802
236	0.0068775790921595595
237	0.013755158184319119
238	0.009628610729023384
239	0.007221458046767538
240	0.003094910591471802
241	0.004126547455295736
242	0.00515818431911967
243	0.000687757909215956
244	0.005845942228335626
245	0.003782668500687758
246	0.00515818431911967
247	0.0017193947730398899
248	0.0068775790921595595
249	0.009972489683631363
250	0.002751031636863824
251	0.005502063273727648
252	0.058803301237964234
253	0.004470426409903714
254	0.006189821182943604
255	0.01031636863823934
256	0.005845942228335626
257	0.006189821182943604
258	0.013411279229711142
259	0.002407152682255846
260	0.008253094910591473
261	0.00515818431911967
262	0.007909215955983494
263	0.00515818431911967
264	0.009972489683631363
265	0.004126547455295736
266	0.00515818431911967
267	0.005845942228335626
268	0.02200825309491059
269	0.021664374140302613
270	0.011004126547455296
271	0.002751031636863824
272	0.04264099037138927
273	0.007565337001375516
274	0.04092159559834938
275	0.016162310866574967
276	0.00515818431911967
277	0.012035763411279229
278	0.038170563961485555
279	0.014099037138927097
280	0.004814305364511692
281	0.005845942228335626
282	0.024071526822558458
283	0.00859697386519945
284	0.013411279229711142
285	0.027166437414030263
286	0.012379642365887207
287	0.0017193947730398899
288	0.004126547455295736
289	0.007909215955983494
290	0.024759284731774415
291	0.007221458046767538
292	0.02579092159559835
293	0.005502063273727648
294	0.007909215955983494
295	0.006189821182943604
296	0.005845942228335626
297	0.005502063273727648
298	0.006533700137551582
299	0.0171939477303989
300	0.0017193947730398899
301	0.004470426409903714
302	0.006189821182943604
303	0.005502063273727648
304	0.003094910591471802
305	0.009628610729023384
306	0.013411279229711142
307	0.005845942228335626
308	0.0068775790921595595
309	0.0068775790921595595
310	0.004814305364511692
311	0.004814305364511692
312	0.004126547455295736
313	0.004126547455295736
314	0.016162310866574967
315	0.002063273727647868
316	0.019944979367262725
317	0.011348005502063274
318	0.006533700137551582
319	0.003782668500687758
320	0.009628610729023384
321	0.003782668500687758
322	0.03370013755158184
323	0.007565337001375516
324	0.00515818431911967
325	0.015130674002751032
326	0.012379642365887207
327	0.012723521320495186
328	0.004470426409903714
329	0.002751031636863824
330	0.009284731774415406
331	0.004814305364511692
332	0.007909215955983494
333	0.003094910591471802
334	0.006533700137551582
335	0.019944979367262725
336	0.003782668500687758
337	0.004470426409903714
338	0.023039889958734527
339	0.003782668500687758
340	0.009628610729023384
341	0.007909215955983494
342	0.00515818431911967
343	0.0034387895460797797
344	0.01925722145804677
345	0.003094910591471802
346	0.004814305364511692
347	0.007221458046767538
348	0.009628610729023384
349	0.010660247592847318
350	0.00859697386519945
351	0.0068775790921595595
352	0.007565337001375516
353	0.005845942228335626
354	0.0034387895460797797
355	0.010660247592847318
356	0.004126547455295736
357	0.048143053645116916
358	0.003094910591471802
359	0.002751031636863824
360	0.0068775790921595595
361	0.004470426409903714
362	0.006189821182943604
363	0.002063273727647868
364	0.003094910591471802
365	0.004814305364511692
366	0.0405777166437414
367	0.005502063273727648
368	0.0068775790921595595
369	0.004814305364511692
370	0.003782668500687758
371	0.01891334250343879
372	0.005502063273727648
373	0.003782668500687758
374	0.002751031636863824
375	0.007565337001375516
376	0.007909215955983494
377	0.01031636863823934
378	0.0017193947730398899
379	0.006533700137551582
380	0.009284731774415406
381	0.004126547455295736
382	0.0068775790921595595
383	0.006189821182943604
384	0.05983493810178817
385	0.004126547455295736
386	0.024415405777166437
387	0.004126547455295736
388	0.027854195323246216
389	0.008253094910591473
390	0.003094910591471802
391	0.013755158184319119
392	0.0343878954607978
393	0.004470426409903714
394	0.01581843191196699
395	0.002063273727647868
396	0.013067400275103164
397	0.00515818431911967
398	0.002407152682255846
399	0.004814305364511692
400	0.041953232462173314
401	0.01547455295735901
402	0.007909215955983494
403	0.031292984869325996
404	0.004470426409903714
405	0.007221458046767538
406	0.009628610729023384
407	0.002063273727647868
408	0.002063273727647868
409	0.030261348005502064
410	0.004126547455295736
411	0.002751031636863824
412	0.004126547455295736
413	0.003782668500687758
414	0.008253094910591473
415	0.004470426409903714
416	0.009628610729023384
417	0.007909215955983494
418	0.01547455295735901
419	0.003094910591471802
420	0.002063273727647868
421	0.0017193947730398899
422	0.0034387895460797797
423	0.004470426409903714
424	0.0068775790921595595
425	0.00859697386519945
426	0.02200825309491059
427	0.0017193947730398899
428	0.00515818431911967
429	0.003782668500687758
430	0.003782668500687758
431	0.006533700137551582
432	0.004814305364511692
433	0.005502063273727648
434	0.02063273727647868
435	0.01685006877579092
436	0.009284731774415406
437	0.002063273727647868
438	0.0034387895460797797
439	0.00515818431911967
440	0.003782668500687758
441	0.004814305364511692
442	0.008253094910591473
443	0.008253094910591473
444	0.021664374140302613
445	0.004814305364511692
446	0.01685006877579092
447	0.01581843191196699
448	0.005845942228335626
449	0.002407152682255846
450	0.0068775790921595595
451	0.006189821182943604
452	0.005845942228335626
453	0.001031636863823934
454	0.001375515818431912
455	0.00515818431911967
456	0.004126547455295736
457	0.004814305364511692
458	0.004470426409903714
459	0.008940852819807428
460	0.008940852819807428
461	0.0017193947730398899
462	0.01031636863823934
463	0.004814305364511692
464	0.004470426409903714
465	0.0017193947730398899
466	0.007565337001375516
467	0.009972489683631363
468	0.00859697386519945
469	0.007909215955983494
470	0.003782668500687758
471	0.0068775790921595595
472	0.0034387895460797797
473	0.011004126547455296
474	0.007221458046767538
475	0.008940852819807428
476	0.006533700137551582
477	0.007565337001375516
478	0.002063273727647868
479	0.004814305364511692
480	0.00515818431911967
481	0.021320495185694635
482	0.002407152682255846
483	0.005502063273727648
484	0.004126547455295736
485	0.012035763411279229
486	0.004126547455295736
487	0.010660247592847318
488	0.003094910591471802
489	0.004126547455295736
490	0.010660247592847318
491	0.004470426409903714
492	0.004814305364511692
493	0.00515818431911967
494	0.021664374140302613
495	0.00515818431911967
496	0.014099037138927097
497	0.007221458046767538
498	0.003782668500687758
499	0.013411279229711142
500	0.003094910591471802
501	0.001031636863823934
502	0.007565337001375516
503	0.008940852819807428
504	0.003094910591471802
505	0.00859697386519945
506	0.007909215955983494
507	0.004126547455295736
508	0.021320495185694635
509	0.029573590096286108
510	0.024071526822558458
511	0.00859697386519945
512	0.002063273727647868
513	0.00515818431911967
514	0.0068775790921595595
515	0.002063273727647868
516	0.0017193947730398899
517	0.003094910591471802
518	0.004126547455295736
519	0.02922971114167813
520	0.0068775790921595595
521	0.004470426409903714
522	0.00515818431911967
523	0.004126547455295736
524	0.003782668500687758
525	0.004814305364511692
526	0.004814305364511692
527	0.002063273727647868
528	0.001031636863823934
529	0.004814305364511692
530	0.007221458046767538
531	0.005502063273727648
532	0.010660247592847318
533	0.002063273727647868
534	0.0034387895460797797
535	0.007909215955983494
536	0.014099037138927097
537	0.004126547455295736
538	0.008253094910591473
539	0.010660247592847318
540	0.00515818431911967
541	0.00515818431911967
542	0.004470426409903714
543	0.004470426409903714
544	0.004470426409903714
545	0.0017193947730398899
546	0.004126547455295736
547	0.005502063273727648
548	0.027166437414030263
549	0.002063273727647868
550	0.012035763411279229
551	0.001375515818431912
552	0.0068775790921595595
553	0.009628610729023384
554	0.008940852819807428
555	0.0017193947730398899
556	0.007221458046767538
557	0.01031636863823934
558	0.002751031636863824
559	0.019601100412654747
560	0.002751031636863824
561	0.005502063273727648
562	0.006189821182943604
563	0.002407152682255846
564	0.014099037138927097
565	0.0068775790921595595
566	0.014786795048143054
567	0.007221458046767538
568	0.0068775790921595595
569	0.01925722145804677
570	0.00515818431911967
571	0.009284731774415406
572	0.003782668500687758
573	0.002751031636863824
574	0.002407152682255846
575	0.009972489683631363
576	0.008940852819807428
577	0.007221458046767538
578	0.002751031636863824
579	0.00515818431911967
580	0.002407152682255846
581	0.002407152682255846
582	0.0034387895460797797
583	0.0068775790921595595
584	0.005845942228335626
585	0.012723521320495186
586	0.002407152682255846
587	0.013411279229711142
588	0.005845942228335626
589	0.005502063273727648
590	0.003094910591471802
591	0.001375515818431912
592	0.03198074277854195
593	0.002407152682255846
594	0.004814305364511692
595	0.01031636863823934
596	0.001375515818431912
597	0.002407152682255846
598	0.001375515818431912
599	0.006533700137551582
600	0.0034387895460797797
601	0.019944979367262725
602	0.006189821182943604
603	0.009284731774415406
604	0.007909215955983494
605	0.008940852819807428
606	0.017537826685006877
607	0.003782668500687758
608	0.004470426409903714
609	0.005502063273727648
610	0.01547455295735901
611	0.0034387895460797797
612	0.0068775790921595595
613	0.008253094910591473
614	0.003782668500687758
615	0.00515818431911967
616	0.00515818431911967
617	0.01891334250343879
618	0.006533700137551582
619	0.002751031636863824
620	0.006189821182943604
621	0.004470426409903714
622	0.002063273727647868
623	0.002407152682255846
624	0.004470426409903714
625	0.008940852819807428
626	0.00515818431911967
627	0.0034387895460797797
628	0.002751031636863824
629	0.029917469050894086
630	0.004470426409903714
631	0.001031636863823934
632	0.002751031636863824
633	0.00515818431911967
634	0.004814305364511692
635	0.004814305364511692
636	0.012723521320495186
637	0.0034387895460797797
638	0.002751031636863824
639	0.002407152682255846
640	0.003094910591471802
641	0.002751031636863824
642	0.0034387895460797797
643	0.002063273727647868
644	0.009972489683631363
645	0.006533700137551582
646	0.002063273727647868
647	0.007221458046767538
648	0.005502063273727648
649	0.045048143053645115
650	0.015130674002751032
651	0.017537826685006877
652	0.0017193947730398899
653	0.004814305364511692
654	0.007221458046767538
655	0.002407152682255846
656	0.002751031636863824
657	0.02922971114167813
658	0.014442916093535076
659	0.00515818431911967
660	0.004470426409903714
661	0.011691884456671253
662	0.004470426409903714
663	0.003094910591471802
664	0.002751031636863824
665	0.00515818431911967
666	0.007221458046767538
667	0.0068775790921595595
668	0.003094910591471802
669	0.004470426409903714
670	0.01031636863823934
671	0.005502063273727648
672	0.002407152682255846
673	0.000687757909215956
674	0.001031636863823934
675	0.003782668500687758
676	0.009284731774415406
677	0.008940852819807428
678	0.01547455295735901
679	0.0017193947730398899
680	0.005845942228335626
681	0.00515818431911967
682	0.00859697386519945
683	0.004814305364511692
684	0.003782668500687758
685	0.004814305364511692
686	0.013755158184319119
687	0.014099037138927097
688	0.005502063273727648
689	0.004814305364511692
690	0.005845942228335626
691	0.026478679504814306
692	0.002407152682255846
693	0.003782668500687758
694	0.01031636863823934
695	0.009628610729023384
696	0.00859697386519945
697	0.006189821182943604
698	0.0034387895460797797
699	0.0017193947730398899
700	0.00515818431911967
701	0.014099037138927097
702	0.00515818431911967
703	0.007909215955983494
704	0.007565337001375516
705	0.011348005502063274
706	0.012379642365887207
707	0.007221458046767538
708	0.023727647867950483
709	0.007565337001375516
710	0.0068775790921595595
711	0.0017193947730398899
712	0.003094910591471802
713	0.017881705639614855
714	0.00515818431911967
715	0.008253094910591473
716	0.026134800550206328
717	0.009284731774415406
718	0.002063273727647868
719	0.003094910591471802
720	0.004470426409903714
721	0.005845942228335626
722	0.005845942228335626
723	0.004470426409903714
724	0.006189821182943604
725	0.005502063273727648
726	0.004814305364511692
727	0.007221458046767538
728	0.005502063273727648
729	0.005845942228335626
730	0.030605226960110043
731	0.024071526822558458
732	0.005502063273727648
733	0.004126547455295736
734	0.008940852819807428
735	0.004470426409903714
736	0.0017193947730398899
737	0.011691884456671253
738	0.003782668500687758
739	0.007565337001375516
740	0.006533700137551582
741	0.0034387895460797797
742	0.002751031636863824
743	0.003094910591471802
744	0.003094910591471802
745	0.002407152682255846
746	0.0068775790921595595
747	0.002407152682255846
748	0.001031636863823934
749	0.00515818431911967
750	0.002407152682255846
751	0.0068775790921595595
752	0.00515818431911967
753	0.012379642365887207
754	0.006533700137551582
755	0.0017193947730398899
756	0.002751031636863824
757	0.003782668500687758
758	0.012035763411279229
759	0.010660247592847318
760	0.006533700137551582
761	0.003782668500687758
762	0.004126547455295736
763	0.007221458046767538
764	0.011004126547455296
765	0.0034387895460797797
766	0.007909215955983494
767	0.002751031636863824
768	0.004814305364511692
769	0.004814305364511692
770	0.003782668500687758
771	0.006189821182943604
772	0.009628610729023384
773	0.001375515818431912
774	0.011691884456671253
775	0.009628610729023384
776	0.008940852819807428
777	0.004470426409903714
778	0.003782668500687758
779	0.005845942228335626
780	0.005502063273727648
781	0.003094910591471802
782	0.009284731774415406
783	0.003782668500687758
784	0.007221458046767538
785	0.004470426409903714
786	0.000343878954607978
787	0.007909215955983494
788	0.0034387895460797797
789	0.00515818431911967
790	0.003094910591471802
791	0.008940852819807428
792	0.015130674002751032
793	0.006533700137551582
794	0.011348005502063274
795	0.001375515818431912
796	0.00515818431911967
797	0.007221458046767538
798	0.004814305364511692
799	0.005502063273727648
800	0.002063273727647868
801	0.007221458046767538
802	0.0034387895460797797
803	0.0034387895460797797
804	0.004126547455295736
805	0.008940852819807428
806	0.002751031636863824
807	0.005502063273727648
808	0.002407152682255846
809	0.0034387895460797797
810	0.016506189821182946
811	0.007565337001375516
812	0.004126547455295736
813	0.002063273727647868
814	0.02200825309491059
815	0.006189821182943604
816	0.001375515818431912
817	0.003094910591471802
818	0.007909215955983494
819	0.009972489683631363
820	0.0171939477303989
821	0.008253094910591473
822	0.049174690508940855
823	0.004126547455295736
824	0.011691884456671253
825	0.005502063273727648
826	0.0034387895460797797
827	0.007221458046767538
828	0.002751031636863824
829	0.001375515818431912
830	0.004126547455295736
831	0.004470426409903714
832	0.003782668500687758
833	0.004126547455295736
834	0.004126547455295736
835	0.003094910591471802
836	0.0068775790921595595
837	0.004814305364511692
838	0.013755158184319119
839	0.002407152682255846
840	0.003782668500687758
841	0.004470426409903714
842	0.005502063273727648
843	0.00515818431911967
844	0.002751031636863824
845	0.00859697386519945
846	0.002751031636863824
847	0.002063273727647868
848	0.006533700137551582
849	0.01031636863823934
850	0.003094910591471802
851	0.003782668500687758
852	0.0068775790921595595
853	0.005502063273727648
854	0.009972489683631363
855	0.006189821182943604
856	0.005502063273727648
857	0.01031636863823934
858	0.024759284731774415
859	0.007221458046767538
860	0.0034387895460797797
861	0.004126547455295736
862	0.01547455295735901
863	0.003094910591471802
864	0.004126547455295736
865	0.00515818431911967
866	0.004470426409903714
867	0.003782668500687758
868	0.002063273727647868
869	0.009284731774415406
870	0.002751031636863824
871	0.004470426409903714
872	0.024071526822558458
873	0.0034387895460797797
874	0.007565337001375516
875	0.007221458046767538
876	0.017881705639614855
877	0.0017193947730398899
878	0.002407152682255846
879	0.001031636863823934
880	0.002407152682255846
881	0.00515818431911967
882	0.013067400275103164
883	0.01031636863823934
884	0.003094910591471802
885	0.003782668500687758
886	0.007221458046767538
887	0.010660247592847318
888	0.002751031636863824
889	0.021320495185694635
890	0.002751031636863824
891	0.00515818431911967
892	0.01031636863823934
893	0.011691884456671253
894	0.011004126547455296
895	0.00859697386519945
896	0.001031636863823934
897	0.0034387895460797797
898	0.00859697386519945
899	0.001375515818431912
900	0.00515818431911967
901	0.001031636863823934
902	0.012035763411279229
903	0.009628610729023384
904	0.011004126547455296
905	0.007221458046767538
906	0.01031636863823934
907	0.002063273727647868
908	0.009628610729023384
909	0.0068775790921595595
910	0.008253094910591473
911	0.006189821182943604
912	0.002063273727647868
913	0.004126547455295736
914	0.00515818431911967
915	0.003094910591471802
916	0.002407152682255846
917	0.002063273727647868
918	0.0017193947730398899
919	0.003782668500687758
920	0.002063273727647868
921	0.008253094910591473
922	0.003094910591471802
923	0.0017193947730398899
924	0.006189821182943604
925	0.001375515818431912
926	0.001375515818431912
927	0.004126547455295736
928	0.029917469050894086
929	0.005502063273727648
930	0.0017193947730398899
931	0.004470426409903714
932	0.007565337001375516
933	0.0068775790921595595
934	0.000343878954607978
935	0.004470426409903714
936	0.002407152682255846
937	0.002751031636863824
938	0.001375515818431912
939	0.005845942228335626
940	0.000343878954607978
941	0.003782668500687758
942	0.0034387895460797797
943	0.004126547455295736
944	0.0017193947730398899
945	0.001031636863823934
946	0.005502063273727648
947	0.007909215955983494
948	0.006533700137551582
949	0.002751031636863824
950	0.007909215955983494
951	0.01031636863823934
952	0.007565337001375516
953	0.012723521320495186
954	0.004814305364511692
955	0.007221458046767538
956	0.002063273727647868
957	0.002063273727647868
958	0.009284731774415406
959	0.002063273727647868
960	0.00515818431911967
961	0.012379642365887207
962	0.002407152682255846
963	0.002751031636863824
964	0.00515818431911967
965	0.007565337001375516
966	0.005502063273727648
967	0.010660247592847318
968	0.009628610729023384
969	0.0034387895460797797
970	0.002751031636863824
971	0.004126547455295736
972	0.004470426409903714
973	0.002407152682255846
974	0.005845942228335626
975	0.001375515818431912
976	0.00859697386519945
977	0.0068775790921595595
978	0.001375515818431912
979	0.005502063273727648
980	0.019601100412654747
981	0.004470426409903714
982	0.005845942228335626
983	0.010660247592847318
984	0.004126547455295736
985	0.016162310866574967
986	0.006189821182943604
987	0.003094910591471802
988	0.007565337001375516
989	0.007221458046767538
990	0.004470426409903714
991	0.002751031636863824
992	0.003782668500687758
993	0.000687757909215956
994	0.000687757909215956
995	0.002751031636863824
996	0.004814305364511692
997	0.002407152682255846
998	0.004814305364511692
999	0.005502063273727648
1000	0.002063273727647868
1001	0.011004126547455296
1002	0.005845942228335626
1003	0.006533700137551582
1004	0.004814305364511692
1005	0.009628610729023384
1006	0.013755158184319119
1007	0.002751031636863824
1008	0.002751031636863824
1009	0.0034387895460797797
1010	0.007221458046767538
1011	0.005845942228335626
1012	0.005502063273727648
1013	0.0034387895460797797
1014	0.005845942228335626
1015	0.0068775790921595595
1016	0.007565337001375516
1017	0.004470426409903714
1018	0.004126547455295736
1019	0.004814305364511692
1020	0.004126547455295736
1021	0.005502063273727648
1022	0.0034387895460797797
1023	0.035419532324621736
1024	0.003094910591471802
1025	0.000343878954607978
1026	0.0017193947730398899
1027	0.009628610729023384
1028	0.0034387895460797797
1029	0.002063273727647868
1030	0.004814305364511692
1031	0.013411279229711142
1032	0.0034387895460797797
1033	0.012379642365887207
1034	0.004470426409903714
1035	0.001375515818431912
1036	0.00515818431911967
1037	0.006533700137551582
1038	0.000687757909215956
1039	0.004126547455295736
1040	0.004126547455295736
1041	0.003094910591471802
1042	0.0068775790921595595
1043	0.015130674002751032
1044	0.0034387895460797797
1045	0.02922971114167813
1046	0.004126547455295736
1047	0.003094910591471802
1048	0.003782668500687758
1049	0.002751031636863824
1050	0.004470426409903714
1051	0.003782668500687758
1052	0.003094910591471802
1053	0.006533700137551582
1054	0.006189821182943604
1055	0.0068775790921595595
1056	0.005502063273727648
1057	0.002063273727647868
1058	0.003782668500687758
1059	0.004126547455295736
1060	0.007909215955983494
1061	0.0017193947730398899
1062	0.005502063273727648
1063	0.013755158184319119
1064	0.001031636863823934
1065	0.00515818431911967
1066	0.004814305364511692
1067	0.001375515818431912
1068	0.0017193947730398899
1069	0.004126547455295736
1070	0.01031636863823934
1071	0.002751031636863824
1072	0.002407152682255846
1073	0.009284731774415406
1074	0.003782668500687758
1075	0.00515818431911967
1076	0.004814305364511692
1077	0.000687757909215956
1078	0.000687757909215956
1079	0.005502063273727648
1080	0.00515818431911967
1081	0.001375515818431912
1082	0.004126547455295736
1083	0.006189821182943604
1084	0.005845942228335626
1085	0.0017193947730398899
1086	0.006189821182943604
1087	0.002407152682255846
1088	0.001031636863823934
1089	0.004814305364511692
1090	0.005845942228335626
1091	0.005845942228335626
1092	0.003094910591471802
1093	0.00515818431911967
1094	0.0017193947730398899
1095	0.002063273727647868
1096	0.007565337001375516
1097	0.003094910591471802
1098	0.002407152682255846
1099	0.003094910591471802
1100	0.007909215955983494
1101	0.0034387895460797797
1102	0.002407152682255846
1103	0.014442916093535076
1104	0.002407152682255846
1105	0.004470426409903714
1106	0.007565337001375516
1107	0.008940852819807428
1108	0.00859697386519945
1109	0.005502063273727648
1110	0.004814305364511692
1111	0.002751031636863824
1112	0.007221458046767538
1113	0.010660247592847318
1114	0.00859697386519945
1115	0.014442916093535076
1116	0.004126547455295736
1117	0.002063273727647868
1118	0.004470426409903714
1119	0.004470426409903714
1120	0.007221458046767538
1121	0.002751031636863824
1122	0.003094910591471802
1123	0.012723521320495186
1124	0.018225584594222834
1125	0.0068775790921595595
1126	0.00859697386519945
1127	0.006533700137551582
1128	0.008253094910591473
1129	0.008940852819807428
1130	0.0068775790921595595
1131	0.003094910591471802
1132	0.001375515818431912
1133	0.002407152682255846
1134	0.0034387895460797797
1135	0.0068775790921595595
1136	0.002063273727647868
1137	0.002751031636863824
1138	0.004126547455295736
1139	0.014442916093535076
1140	0.00515818431911967
1141	0.007221458046767538
1142	0.004470426409903714
1143	0.005502063273727648
1144	0.002063273727647868
1145	0.007221458046767538
1146	0.0068775790921595595
1147	0.007565337001375516
1148	0.015130674002751032
1149	0.006533700137551582
1150	0.004126547455295736
1151	0.004814305364511692
1152	0.005502063273727648
1153	0.02235213204951857
1154	0.005502063273727648
1155	0.002751031636863824
1156	0.001031636863823934
1157	0.005502063273727648
1158	0.007565337001375516
1159	0.013067400275103164
1160	0.006533700137551582
1161	0.008940852819807428
1162	0.005845942228335626
1163	0.002063273727647868
1164	0.00515818431911967
1165	0.004126547455295736
1166	0.002407152682255846
1167	0.003782668500687758
1168	0.00515818431911967
1169	0.004126547455295736
1170	0.007221458046767538
1171	0.004126547455295736
1172	0.003094910591471802
1173	0.011348005502063274
1174	0.0017193947730398899
1175	0.003094910591471802
1176	0.016506189821182946
1177	0.0034387895460797797
1178	0.006189821182943604
1179	0.005845942228335626
1180	0.006189821182943604
1181	0.0017193947730398899
1182	0.004126547455295736
1183	0.002751031636863824
1184	0.003094910591471802
1185	0.004814305364511692
1186	0.004814305364511692
1187	0.003782668500687758
1188	0.004470426409903714
1189	0.007909215955983494
1190	0.003094910591471802
1191	0.004470426409903714
1192	0.007221458046767538
1193	0.003782668500687758
1194	0.002063273727647868
1195	0.002407152682255846
1196	0.003782668500687758
1197	0.006533700137551582
1198	0.008253094910591473
1199	0.007565337001375516
1200	0.00515818431911967
1201	0.003782668500687758
1202	0.005502063273727648
1203	0.006189821182943604
1204	0.009284731774415406
1205	0.002751031636863824
1206	0.01685006877579092
1207	0.012379642365887207
1208	0.004814305364511692
1209	0.000687757909215956
1210	0.0017193947730398899
1211	0.002063273727647868
1212	0.00859697386519945
1213	0.006533700137551582
1214	0.004470426409903714
1215	0.0034387895460797797
1216	0.004814305364511692
1217	0.006533700137551582
1218	0.006533700137551582
1219	0.004470426409903714
1220	0.011004126547455296
1221	0.00515818431911967
1222	0.03576341127922971
1223	0.009972489683631363
1224	0.014786795048143054
1225	0.004126547455295736
1226	0.003782668500687758
1227	0.0034387895460797797
1228	0.005502063273727648
1229	0.002751031636863824
1230	0.00515818431911967
1231	0.005845942228335626
1232	0.01031636863823934
1233	0.002063273727647868
1234	0.004814305364511692
1235	0.007221458046767538
1236	0.013411279229711142
1237	0.019944979367262725
1238	0.013755158184319119
1239	0.00859697386519945
1240	0.012723521320495186
1241	0.006533700137551582
1242	0.007565337001375516
1243	0.0017193947730398899
1244	0.003782668500687758
1245	0.002063273727647868
1246	0.009284731774415406
1247	0.00859697386519945
1248	0.01031636863823934
1249	0.007909215955983494
1250	0.002751031636863824
1251	0.004126547455295736
1252	0.006189821182943604
1253	0.00515818431911967
1254	0.008940852819807428
1255	0.009972489683631363
1256	0.01031636863823934
1257	0.002751031636863824
1258	0.004126547455295736
1259	0.024415405777166437
1260	0.004126547455295736
1261	0.004126547455295736
1262	0.003782668500687758
1263	0.005845942228335626
1264	0.004814305364511692
1265	0.006533700137551582
1266	0.005502063273727648
1267	0.002407152682255846
1268	0.0034387895460797797
1269	0.004814305364511692
1270	0.019944979367262725
1271	0.004470426409903714
1272	0.003094910591471802
1273	0.008940852819807428
1274	0.00515818431911967
1275	0.002063273727647868
1276	0.0068775790921595595
1277	0.009628610729023384
1278	0.001031636863823934
1279	0.006533700137551582
1280	0.006189821182943604
1281	0.0034387895460797797
1282	0.003782668500687758
1283	0.005845942228335626
1284	0.002751031636863824
1285	0.005845942228335626
1286	0.013755158184319119
1287	0.0017193947730398899
1288	0.001375515818431912
1289	0.002063273727647868
1290	0.003782668500687758
1291	0.001031636863823934
1292	0.004470426409903714
1293	0.001375515818431912
1294	0.0034387895460797797
1295	0.0034387895460797797
1296	0.004126547455295736
1297	0.006533700137551582
1298	0.004470426409903714
1299	0.004814305364511692
1300	0.008253094910591473
1301	0.001375515818431912
1302	0.003094910591471802
1303	0.004126547455295736
1304	0.003782668500687758
1305	0.00515818431911967
1306	0.002063273727647868
1307	0.0068775790921595595
1308	0.013755158184319119
1309	0.004126547455295736
1310	0.0068775790921595595
1311	0.002751031636863824
1312	0.004126547455295736
1313	0.000687757909215956
1314	0.009972489683631363
1315	0.002751031636863824
1316	0.002063273727647868
1317	0.00515818431911967
1318	0.001375515818431912
1319	0.013067400275103164
1320	0.006533700137551582
1321	0.0017193947730398899
1322	0.0068775790921595595
1323	0.002751031636863824
1324	0.0034387895460797797
1325	0.005502063273727648
1326	0.008940852819807428
1327	0.01031636863823934
1328	0.009972489683631363
1329	0.005845942228335626
1330	0.009972489683631363
1331	0.002063273727647868
1332	0.002063273727647868
1333	0.009972489683631363
1334	0.002751031636863824
1335	0.007221458046767538
1336	0.0034387895460797797
1337	0.002751031636863824
1338	0.007221458046767538
1339	0.004126547455295736
1340	0.001031636863823934
1341	0.007221458046767538
1342	0.001375515818431912
1343	0.0068775790921595595
1344	0.003094910591471802
1345	0.008253094910591473
1346	0.00515818431911967
1347	0.005502063273727648
1348	0.003782668500687758
1349	0.0017193947730398899
1350	0.013067400275103164
1351	0.004470426409903714
1352	0.004126547455295736
1353	0.002063273727647868
1354	0.0068775790921595595
1355	0.0034387895460797797
1356	0.002063273727647868
1357	0.0034387895460797797
1358	0.0034387895460797797
1359	0.01925722145804677
1360	0.005502063273727648
1361	0.002407152682255846
1362	0.002751031636863824
1363	0.003782668500687758
1364	0.004470426409903714
1365	0.00515818431911967
1366	0.004126547455295736
1367	0.005845942228335626
1368	0.002407152682255846
1369	0.003094910591471802
1370	0.003782668500687758
1371	0.009972489683631363
1372	0.007221458046767538
1373	0.002407152682255846
1374	0.008253094910591473
1375	0.002063273727647868
1376	0.00515818431911967
1377	0.01547455295735901
1378	0.0034387895460797797
1379	0.005845942228335626
1380	0.004470426409903714
1381	0.0068775790921595595
1382	0.0034387895460797797
1383	0.003094910591471802
1384	0.003782668500687758
1385	0.0017193947730398899
1386	0.001031636863823934
1387	0.003094910591471802
1388	0.002407152682255846
1389	0.002751031636863824
1390	0.004126547455295736
1391	0.004126547455295736
1392	0.001031636863823934
1393	0.0034387895460797797
1394	0.004814305364511692
1395	0.004814305364511692
1396	0.002407152682255846
1397	0.003782668500687758
1398	0.002407152682255846
1399	0.00515818431911967
1400	0.007221458046767538
1401	0.000343878954607978
1402	0.002751031636863824
1403	0.003782668500687758
1404	0.004470426409903714
1405	0.008940852819807428
1406	0.003782668500687758
1407	0.010660247592847318
1408	0.004814305364511692
1409	0.000687757909215956
1410	0.004126547455295736
1411	0.006533700137551582
1412	0.003094910591471802
1413	0.004814305364511692
1414	0.003094910591471802
1415	0.005845942228335626
1416	0.002751031636863824
1417	0.0068775790921595595
1418	0.002407152682255846
1419	0.004814305364511692
1420	0.003782668500687758
1421	0.0017193947730398899
1422	0.005502063273727648
1423	0.005845942228335626
1424	0.004814305364511692
1425	0.00859697386519945
1426	0.009284731774415406
1427	0.007565337001375516
1428	0.004814305364511692
1429	0.004814305364511692
1430	0.0068775790921595595
1431	0.007221458046767538
1432	0.006189821182943604
1433	0.00859697386519945
1434	0.0017193947730398899
1435	0.005502063273727648
1436	0.006189821182943604
1437	0.004126547455295736
1438	0.003782668500687758
1439	0.004470426409903714
1440	0.002407152682255846
1441	0.000687757909215956
1442	0.0034387895460797797
1443	0.00515818431911967
1444	0.004814305364511692
1445	0.015130674002751032
1446	0.002407152682255846
1447	0.009972489683631363
1448	0.005502063273727648
1449	0.008253094910591473
1450	0.003782668500687758
1451	0.0034387895460797797
1452	0.003094910591471802
1453	0.001375515818431912
1454	0.002751031636863824
1455	0.0034387895460797797
1456	0.001375515818431912
1457	0.003782668500687758
1458	0.004814305364511692
1459	0.003094910591471802
1460	0.007221458046767538
1461	0.002407152682255846
1462	0.000687757909215956
1463	0.002063273727647868
1464	0.000687757909215956
1465	0.002407152682255846
1466	0.004814305364511692
1467	0.002407152682255846
1468	0.005845942228335626
1469	0.0034387895460797797
1470	0.007565337001375516
1471	0.00515818431911967
1472	0.010660247592847318
1473	0.0017193947730398899
1474	0.007221458046767538
1475	0.004814305364511692
1476	0.005502063273727648
1477	0.004126547455295736
1478	0.003782668500687758
1479	0.004470426409903714
1480	0.0017193947730398899
1481	0.002407152682255846
1482	0.004814305364511692
1483	0.005502063273727648
1484	0.006533700137551582
1485	0.016506189821182946
1486	0.003782668500687758
1487	0.002407152682255846
1488	0.01547455295735901
1489	0.0068775790921595595
1490	0.0068775790921595595
1491	0.003094910591471802
1492	0.001031636863823934
1493	0.001375515818431912
1494	0.00515818431911967
1495	0.0034387895460797797
1496	0.005845942228335626
1497	0.001031636863823934
1498	0.009284731774415406
1499	0.007909215955983494
1500	0.00515818431911967
1501	0.003782668500687758
1502	0.00515818431911967
1503	0.002063273727647868
1504	0.0034387895460797797
1505	0.002751031636863824
1506	0.005845942228335626
1507	0.005845942228335626
1508	0.003094910591471802
1509	0.006189821182943604
1510	0.009284731774415406
1511	0.002063273727647868
1512	0.002407152682255846
1513	0.002407152682255846
1514	0.0034387895460797797
1515	0.003782668500687758
1516	0.005845942228335626
1517	0.003782668500687758
1518	0.003782668500687758
1519	0.009972489683631363
1520	0.0068775790921595595
1521	0.0017193947730398899
1522	0.006533700137551582
1523	0.005502063273727648
1524	0.003782668500687758
1525	0.002751031636863824
1526	0.004126547455295736
1527	0.003782668500687758
1528	0.004814305364511692
1529	0.014442916093535076
1530	0.004126547455295736
1531	0.004126547455295736
1532	0.004814305364511692
1533	0.003782668500687758
1534	0.006189821182943604
1535	0.016162310866574967
1536	0.008253094910591473
1537	0.00859697386519945
1538	0.003782668500687758
1539	0.004814305364511692
1540	0.001031636863823934
1541	0.003094910591471802
1542	0.006533700137551582
1543	0.009972489683631363
1544	0.003782668500687758
1545	0.009284731774415406
1546	0.003094910591471802
1547	0.002063273727647868
1548	0.012035763411279229
1549	0.003782668500687758
1550	0.002063273727647868
1551	0.00515818431911967
1552	0.00515818431911967
1553	0.0034387895460797797
1554	0.002063273727647868
1555	0.003094910591471802
1556	0.0068775790921595595
1557	0.003094910591471802
1558	0.004126547455295736
1559	0.003094910591471802
1560	0.0034387895460797797
1561	0.000687757909215956
1562	0.003782668500687758
1563	0.006533700137551582
1564	0.00859697386519945
1565	0.0017193947730398899
1566	0.002063273727647868
1567	0.009628610729023384
1568	0.004470426409903714
1569	0.000687757909215956
1570	0.001031636863823934
1571	0.002407152682255846
1572	0.004814305364511692
1573	0.003094910591471802
1574	0.003782668500687758
1575	0.005845942228335626
1576	0.007909215955983494
1577	0.0034387895460797797
1578	0.004470426409903714
1579	0.002751031636863824
1580	0.001031636863823934
1581	0.002063273727647868
1582	0.0034387895460797797
1583	0.002063273727647868
1584	0.0034387895460797797
1585	0.004470426409903714
1586	0.012035763411279229
1587	0.002063273727647868
1588	0.003782668500687758
1589	0.002063273727647868
1590	0.006533700137551582
1591	0.003782668500687758
1592	0.006189821182943604
1593	0.003782668500687758
1594	0.004126547455295736
1595	0.004470426409903714
1596	0.002063273727647868
1597	0.005845942228335626
1598	0.004126547455295736
1599	0.006533700137551582
1600	0.004126547455295736
1601	0.001375515818431912
1602	0.00515818431911967
1603	0.002063273727647868
1604	0.007221458046767538
1605	0.003094910591471802
1606	0.011004126547455296
1607	0.0034387895460797797
1608	0.004814305364511692
1609	0.004814305364511692
1610	0.0034387895460797797
1611	0.00515818431911967
1612	0.004470426409903714
1613	0.004814305364511692
1614	0.002751031636863824
1615	0.008253094910591473
1616	0.002407152682255846
1617	0.006533700137551582
1618	0.004470426409903714
1619	0.003782668500687758
1620	0.003094910591471802
1621	0.009284731774415406
1622	0.005502063273727648
1623	0.001031636863823934
1624	0.002751031636863824
1625	0.007909215955983494
1626	0.0034387895460797797
1627	0.002407152682255846
1628	0.002751031636863824
1629	0.0034387895460797797
1630	0.004814305364511692
1631	0.005845942228335626
1632	0.009284731774415406
1633	0.004126547455295736
1634	0.004814305364511692
1635	0.01031636863823934
1636	0.007909215955983494
1637	0.004470426409903714
1638	0.003782668500687758
1639	0.006189821182943604
1640	0.009628610729023384
1641	0.0034387895460797797
1642	0.007565337001375516
1643	0.004470426409903714
1644	0.0034387895460797797
1645	0.0034387895460797797
1646	0.003782668500687758
1647	0.00515818431911967
1648	0.001031636863823934
1649	0.004126547455295736
1650	0.004126547455295736
1651	0.004814305364511692
1652	0.003094910591471802
1653	0.0017193947730398899
1654	0.002063273727647868
1655	0.001375515818431912
1656	0.002063273727647868
1657	0.005845942228335626
1658	0.000343878954607978
1659	0.007221458046767538
1660	0.005502063273727648
1661	0.0034387895460797797
1662	0.0034387895460797797
1663	0.001375515818431912
1664	0.00515818431911967
1665	0.0034387895460797797
1666	0.0017193947730398899
1667	0.004126547455295736
1668	0.0017193947730398899
1669	0.0034387895460797797
1670	0.013067400275103164
1671	0.0017193947730398899
1672	0.007221458046767538
1673	0.0068775790921595595
1674	0.00515818431911967
1675	0.0017193947730398899
1676	0.007221458046767538
1677	0.008253094910591473
1678	0.0017193947730398899
1679	0.005502063273727648
1680	0.006533700137551582
1681	0.001375515818431912
1682	0.000687757909215956
1683	0.000687757909215956
1684	0.02200825309491059
1685	0.002407152682255846
1686	0.00515818431911967
1687	0.001375515818431912
1688	0.005845942228335626
1689	0.00515818431911967
1690	0.0017193947730398899
1691	0.000687757909215956
1692	0.002407152682255846
1693	0.002407152682255846
1694	0.008253094910591473
1695	0.008253094910591473
1696	0.006189821182943604
1697	0.006533700137551582
1698	0.004126547455295736
1699	0.004470426409903714
1700	0.009284731774415406
1701	0.004470426409903714
1702	0.00859697386519945
1703	0.002407152682255846
1704	0.00515818431911967
1705	0.002063273727647868
1706	0.0034387895460797797
1707	0.00515818431911967
1708	0.0068775790921595595
1709	0.001375515818431912
1710	0.002751031636863824
1711	0.002751031636863824
1712	0.004126547455295736
1713	0.0017193947730398899
1714	0.0017193947730398899
1715	0.003782668500687758
1716	0.001375515818431912
1717	0.010660247592847318
1718	0.009284731774415406
1719	0.007565337001375516
1720	0.005502063273727648
1721	0.004126547455295736
1722	0.002063273727647868
1723	0.009284731774415406
1724	0.006533700137551582
1725	0.0034387895460797797
1726	0.001375515818431912
1727	0.000687757909215956
1728	0.003094910591471802
1729	0.004814305364511692
1730	0.002063273727647868
1731	0.000687757909215956
1732	0.004814305364511692
1733	0.0034387895460797797
1734	0.007909215955983494
1735	0.007565337001375516
1736	0.006533700137551582
1737	0.004470426409903714
1738	0.002751031636863824
1739	0.005845942228335626
1740	0.008253094910591473
1741	0.003094910591471802
1742	0.005502063273727648
1743	0.003782668500687758
1744	0.007909215955983494
1745	0.004470426409903714
1746	0.002063273727647868
1747	0.005845942228335626
1748	0.009284731774415406
1749	0.013411279229711142
1750	0.002751031636863824
1751	0.001031636863823934
1752	0.002751031636863824
1753	0.0068775790921595595
1754	0.000343878954607978
1755	0.003782668500687758
1756	0.002063273727647868
1757	0.004470426409903714
1758	0.0017193947730398899
1759	0.002751031636863824
1760	0.00515818431911967
1761	0.004814305364511692
1762	0.002063273727647868
1763	0.002751031636863824
1764	0.003782668500687758
1765	0.002063273727647868
1766	0.004814305364511692
1767	0.00515818431911967
1768	0.003094910591471802
1769	0.002063273727647868
1770	0.004470426409903714
1771	0.002751031636863824
1772	0.002063273727647868
1773	0.00515818431911967
1774	0.004814305364511692
1775	0.003094910591471802
1776	0.0034387895460797797
1777	0.002407152682255846
1778	0.002751031636863824
1779	0.008253094910591473
1780	0.005845942228335626
1781	0.003094910591471802
1782	0.003094910591471802
1783	0.01581843191196699
1784	0.004814305364511692
1785	0.003782668500687758
1786	0.002751031636863824
1787	0.00515818431911967
1788	0.005845942228335626
1789	0.003782668500687758
1790	0.009628610729023384
1791	0.005502063273727648
1792	0.002751031636863824
1793	0.0017193947730398899
1794	0.002751031636863824
1795	0.0034387895460797797
1796	0.002751031636863824
1797	0.004126547455295736
1798	0.0034387895460797797
1799	0.005502063273727648
1800	0.005845942228335626
1801	0.0034387895460797797
1802	0.008253094910591473
1803	0.012379642365887207
1804	0.001031636863823934
1805	0.002407152682255846
1806	0.004470426409903714
1807	0.001375515818431912
1808	0.009972489683631363
1809	0.004470426409903714
1810	0.009628610729023384
1811	0.001031636863823934
1812	0.004470426409903714
1813	0.005845942228335626
1814	0.005845942228335626
1815	0.000687757909215956
1816	0.0034387895460797797
1817	0.000687757909215956
1818	0.002751031636863824
1819	0.004126547455295736
1820	0.005502063273727648
1821	0.004126547455295736
1822	0.002751031636863824
1823	0.003782668500687758
1824	0.006533700137551582
1825	0.0034387895460797797
1826	0.003094910591471802
1827	0.00515818431911967
1828	0.002751031636863824
1829	0.002751031636863824
1830	0.007909215955983494
1831	0.0017193947730398899
1832	0.002751031636863824
1833	0.002407152682255846
1834	0.014099037138927097
1835	0.000687757909215956
1836	0.004814305364511692
1837	0.004126547455295736
1838	0.002407152682255846
1839	0.002751031636863824
1840	0.013067400275103164
1841	0.002751031636863824
1842	0.00515818431911967
1843	0.002751031636863824
1844	0.013755158184319119
1845	0.005502063273727648
1846	0.004470426409903714
1847	0.007221458046767538
1848	0.004814305364511692
1849	0.003094910591471802
1850	0.007909215955983494
1851	0.001375515818431912
1852	0.004470426409903714
1853	0.00515818431911967
1854	0.002751031636863824
1855	0.007909215955983494
1856	0.0017193947730398899
1857	0.0034387895460797797
1858	0.004126547455295736
1859	0.006533700137551582
1860	0.005502063273727648
1861	0.002751031636863824
1862	0.004470426409903714
1863	0.004470426409903714
1864	0.002063273727647868
1865	0.000687757909215956
1866	0.002063273727647868
1867	0.004814305364511692
1868	0.002407152682255846
1869	0.002407152682255846
1870	0.000687757909215956
1871	0.002751031636863824
1872	0.001031636863823934
1873	0.002407152682255846
1874	0.0034387895460797797
1875	0.003094910591471802
1876	0.008253094910591473
1877	0.011348005502063274
1878	0.006189821182943604
1879	0.003782668500687758
1880	0.004126547455295736
1881	0.002063273727647868
1882	0.002407152682255846
1883	0.002407152682255846
1884	0.006533700137551582
1885	0.004126547455295736
1886	0.002751031636863824
1887	0.00515818431911967
1888	0.003094910591471802
1889	0.00859697386519945
1890	0.003094910591471802
1891	0.000687757909215956
1892	0.0034387895460797797
1893	0.001375515818431912
1894	0.00515818431911967
1895	0.0034387895460797797
1896	0.005845942228335626
1897	0.0034387895460797797
1898	0.004470426409903714
1899	0.004126547455295736
1900	0.005502063273727648
1901	0.005845942228335626
1902	0.002063273727647868
1903	0.002407152682255846
1904	0.002407152682255846
1905	0.004814305364511692
1906	0.002063273727647868
1907	0.003782668500687758
1908	0.0017193947730398899
1909	0.003094910591471802
1910	0.0068775790921595595
1911	0.001031636863823934
1912	0.006533700137551582
1913	0.003094910591471802
1914	0.001375515818431912
1915	0.004126547455295736
1916	0.0017193947730398899
1917	0.002751031636863824
1918	0.004814305364511692
1919	0.004814305364511692
1920	0.0017193947730398899
1921	0.003782668500687758
1922	0.004814305364511692
1923	0.002063273727647868
1924	0.004126547455295736
1925	0.002407152682255846
1926	0.002063273727647868
1927	0.000687757909215956
1928	0.003094910591471802
1929	0.0034387895460797797
1930	0.006533700137551582
1931	0.004814305364511692
1932	0.001375515818431912
1933	0.008940852819807428
1934	0.0034387895460797797
1935	0.002751031636863824
1936	0.004126547455295736
1937	0.002063273727647868
1938	0.002063273727647868
1939	0.001375515818431912
1940	0.004470426409903714
1941	0.003782668500687758
1942	0.005502063273727648
1943	0.006189821182943604
1944	0.00515818431911967
1945	0.002407152682255846
1946	0.002751031636863824
1947	0.003094910591471802
1948	0.002751031636863824
1949	0.004814305364511692
1950	0.003094910591471802
1951	0.001375515818431912
1952	0.0017193947730398899
1953	0.003782668500687758
1954	0.007565337001375516
1955	0.00515818431911967
1956	0.004126547455295736
1957	0.006533700137551582
1958	0.003094910591471802
1959	0.002063273727647868
1960	0.002407152682255846
1961	0.003782668500687758
1962	0.002751031636863824
1963	0.003094910591471802
1964	0.007565337001375516
1965	0.003094910591471802
1966	0.0017193947730398899
1967	0.006189821182943604
1968	0.0034387895460797797
1969	0.006189821182943604
1970	0.002063273727647868
1971	0.00515818431911967
1972	0.006533700137551582
1973	0.004126547455295736
1974	0.00515818431911967
1975	0.005845942228335626
1976	0.002751031636863824
1977	0.00859697386519945
1978	0.006189821182943604
1979	0.0017193947730398899
1980	0.0034387895460797797
1981	0.0017193947730398899
1982	0.003094910591471802
1983	0.008253094910591473
1984	0.002751031636863824
1985	0.007221458046767538
1986	0.006533700137551582
1987	0.004814305364511692
1988	0.003782668500687758
1989	0.002063273727647868
1990	0.002751031636863824
1991	0.005502063273727648
1992	0.0017193947730398899
1993	0.004126547455295736
1994	0.004126547455295736
1995	0.001375515818431912
1996	0.002407152682255846
1997	0.000687757909215956
1998	0.0034387895460797797
1999	0.002063273727647868
2000	0.002751031636863824
2001	0.003094910591471802
2002	0.007221458046767538
2003	0.003094910591471802
2004	0.006189821182943604
2005	0.003094910591471802
2006	0.003782668500687758
2007	0.0017193947730398899
2008	0.004470426409903714
2009	0.004126547455295736
2010	0.0034387895460797797
2011	0.0017193947730398899
2012	0.005845942228335626
2013	0.002063273727647868
2014	0.001031636863823934
2015	0.0034387895460797797
2016	0.004470426409903714
2017	0.003782668500687758
2018	0.002751031636863824
2019	0.005502063273727648
2020	0.001031636863823934
2021	0.004470426409903714
2022	0.008940852819807428
2023	0.002407152682255846
2024	0.002751031636863824
2025	0.002751031636863824
2026	0.0068775790921595595
2027	0.002063273727647868
2028	0.004126547455295736
2029	0.004126547455295736
2030	0.005502063273727648
2031	0.00859697386519945
2032	0.003094910591471802
2033	0.008253094910591473
2034	0.003094910591471802
2035	0.000687757909215956
2036	0.002063273727647868
2037	0.004126547455295736
2038	0.0034387895460797797
2039	0.00515818431911967
2040	0.005845942228335626
2041	0.003094910591471802
2042	0.0034387895460797797
2043	0.00515818431911967
2044	0.005502063273727648
2045	0.003094910591471802
2046	0.0034387895460797797
2047	0.000687757909215956
2048	0.004126547455295736
2049	0.003094910591471802
2050	0.002407152682255846
2051	0.002751031636863824
2052	0.004126547455295736
2053	0.00515818431911967
2054	0.002751031636863824
2055	0.002407152682255846
2056	0.002751031636863824
2057	0.00515818431911967
2058	0.002407152682255846
2059	0.0034387895460797797
2060	0.003782668500687758
2061	0.003094910591471802
2062	0.000687757909215956
2063	0.002063273727647868
2064	0.002407152682255846
2065	0.00515818431911967
2066	0.003094910591471802
2067	0.005845942228335626
2068	0.004470426409903714
2069	0.004814305364511692
2070	0.00515818431911967
2071	0.001375515818431912
2072	0.007565337001375516
2073	0.001375515818431912
2074	0.004126547455295736
2075	0.001375515818431912
2076	0.007565337001375516
2077	0.001031636863823934
2078	0.00859697386519945
2079	0.006533700137551582
2080	0.001375515818431912
2081	0.004470426409903714
2082	0.007221458046767538
2083	0.007221458046767538
2084	0.001375515818431912
2085	0.004470426409903714
2086	0.003094910591471802
2087	0.008253094910591473
2088	0.002751031636863824
2089	0.007221458046767538
2090	0.002407152682255846
2091	0.001031636863823934
2092	0.004814305364511692
2093	0.004126547455295736
2094	0.003094910591471802
2095	0.005845942228335626
2096	0.003094910591471802
2097	0.004126547455295736
2098	0.000687757909215956
2099	0.002063273727647868
2100	0.002751031636863824
2101	0.002407152682255846
2102	0.002407152682255846
2103	0.006189821182943604
2104	0.004126547455295736
2105	0.001375515818431912
2106	0.003094910591471802
2107	0.002407152682255846
2108	0.00515818431911967
2109	0.001375515818431912
2110	0.005502063273727648
2111	0.00515818431911967
2112	0.002751031636863824
2113	0.003782668500687758
2114	0.005502063273727648
2115	0.004126547455295736
2116	0.002407152682255846
2117	0.002751031636863824
2118	0.0034387895460797797
2119	0.004470426409903714
2120	0.002751031636863824
2121	0.001031636863823934
2122	0.000687757909215956
2123	0.00515818431911967
2124	0.0034387895460797797
2125	0.002407152682255846
2126	0.006189821182943604
2127	0.003094910591471802
2128	0.006533700137551582
2129	0.0034387895460797797
2130	0.0017193947730398899
2131	0.006533700137551582
2132	0.006189821182943604
2133	0.003094910591471802
2134	0.002407152682255846
2135	0.001375515818431912
2136	0.003094910591471802
2137	0.002407152682255846
2138	0.012723521320495186
2139	0.001375515818431912
2140	0.004470426409903714
2141	0.0017193947730398899
2142	0.004126547455295736
2143	0.0068775790921595595
2144	0.002751031636863824
2145	0.003782668500687758
2146	0.004814305364511692
2147	0.003094910591471802
2148	0.002751031636863824
2149	0.002751031636863824
2150	0.001031636863823934
2151	0.004814305364511692
2152	0.004814305364511692
2153	0.005845942228335626
2154	0.002751031636863824
2155	0.003094910591471802
2156	0.007909215955983494
2157	0.002751031636863824
2158	0.002407152682255846
2159	0.002407152682255846
2160	0.002407152682255846
2161	0.006533700137551582
2162	0.006533700137551582
2163	0.003782668500687758
2164	0.0017193947730398899
2165	0.002407152682255846
2166	0.002407152682255846
2167	0.003094910591471802
2168	0.003782668500687758
2169	0.006533700137551582
2170	0.004470426409903714
2171	0.003782668500687758
2172	0.005502063273727648
2173	0.005502063273727648
2174	0.002407152682255846
2175	0.003782668500687758
2176	0.002063273727647868
2177	0.001375515818431912
2178	0.002063273727647868
2179	0.004126547455295736
2180	0.005502063273727648
2181	0.001375515818431912
2182	0.001031636863823934
2183	0.002407152682255846
2184	0.000687757909215956
2185	0.0017193947730398899
2186	0.002751031636863824
2187	0.0034387895460797797
2188	0.002751031636863824
2189	0.004126547455295736
2190	0.002751031636863824
2191	0.003782668500687758
2192	0.006189821182943604
2193	0.000687757909215956
2194	0.002751031636863824
2195	0.002063273727647868
2196	0.00515818431911967
2197	0.001031636863823934
2198	0.004126547455295736
2199	0.0017193947730398899
2200	0.004126547455295736
2201	0.004470426409903714
2202	0.006533700137551582
2203	0.005845942228335626
2204	0.001375515818431912
2205	0.004126547455295736
2206	0.0068775790921595595
2207	0.003782668500687758
2208	0.002751031636863824
2209	0.003782668500687758
2210	0.002063273727647868
2211	0.001375515818431912
2212	0.005502063273727648
2213	0.001031636863823934
2214	0.005845942228335626
2215	0.001375515818431912
2216	0.0017193947730398899
2217	0.00515818431911967
2218	0.001031636863823934
2219	0.000343878954607978
2220	0.004814305364511692
2221	0.0017193947730398899
2222	0.003782668500687758
2223	0.0034387895460797797
2224	0.001031636863823934
2225	0.004470426409903714
2226	0.002751031636863824
2227	0.002063273727647868
2228	0.002407152682255846
2229	0.003782668500687758
2230	0.002063273727647868
2231	0.002063273727647868
2232	0.002751031636863824
2233	0.006189821182943604
2234	0.001375515818431912
2235	0.003094910591471802
2236	0.0034387895460797797
2237	0.004470426409903714
2238	0.00515818431911967
2239	0.0017193947730398899
2240	0.002751031636863824
2241	0.001031636863823934
2242	0.0017193947730398899
2243	0.005845942228335626
2244	0.00515818431911967
2245	0.001375515818431912
2246	0.0017193947730398899
2247	0.0017193947730398899
2248	0.003094910591471802
2249	0.003094910591471802
2250	0.002407152682255846
2251	0.001031636863823934
2252	0.003782668500687758
2253	0.004814305364511692
2254	0.0017193947730398899
2255	0.001375515818431912
2256	0.003094910591471802
2257	0.0017193947730398899
2258	0.002407152682255846
2259	0.0034387895460797797
2260	0.002407152682255846
2261	0.005845942228335626
2262	0.001031636863823934
2263	0.0017193947730398899
2264	0.001031636863823934
2265	0.00515818431911967
2266	0.0034387895460797797
2267	0.000687757909215956
2268	0.001375515818431912
2269	0.0017193947730398899
2270	0.004470426409903714
2271	0.0034387895460797797
2272	0.001375515818431912
2273	0.0034387895460797797
2274	0.002063273727647868
2275	0.004126547455295736
2276	0.001375515818431912
2277	0.002407152682255846
2278	0.006533700137551582
2279	0.004814305364511692
2280	0.000687757909215956
2281	0.002751031636863824
2282	0.002063273727647868
2283	0.004126547455295736
2284	0.004470426409903714
2285	0.003094910591471802
2286	0.000687757909215956
2287	0.0017193947730398899
2288	0.0017193947730398899
2289	0.002063273727647868
2290	0.004126547455295736
2291	0.00515818431911967
2292	0.011691884456671253
2293	0.000343878954607978
2294	0.003782668500687758
2295	0.002063273727647868
2296	0.003782668500687758
2297	0.002063273727647868
2298	0.0068775790921595595
2299	0.005502063273727648
2300	0.001375515818431912
2301	0.004814305364511692
2302	0.005502063273727648
2303	0.003782668500687758
2304	0.0034387895460797797
2305	0.004126547455295736
2306	0.002063273727647868
2307	0.002751031636863824
2308	0.002063273727647868
2309	0.005502063273727648
2310	0.001031636863823934
2311	0.003782668500687758
2312	0.003094910591471802
2313	0.0034387895460797797
2314	0.003782668500687758
2315	0.002751031636863824
2316	0.004126547455295736
2317	0.008253094910591473
2318	0.001031636863823934
2319	0.002063273727647868
2320	0.00859697386519945
2321	0.002063273727647868
2322	0.000687757909215956
2323	0.0017193947730398899
2324	0.001375515818431912
2325	0.002063273727647868
2326	0.001031636863823934
2327	0.0017193947730398899
2328	0.001375515818431912
2329	0.002751031636863824
2330	0.0017193947730398899
2331	0.003094910591471802
2332	0.0017193947730398899
2333	0.0017193947730398899
2334	0.003094910591471802
2335	0.002407152682255846
2336	0.007221458046767538
2337	0.003094910591471802
2338	0.004814305364511692
2339	0.002063273727647868
2340	0.002751031636863824
2341	0.002063273727647868
2342	0.002063273727647868
2343	0.001375515818431912
2344	0.001375515818431912
2345	0.0017193947730398899
2346	0.002063273727647868
2347	0.002751031636863824
2348	0.002063273727647868
2349	0.004126547455295736
2350	0.0034387895460797797
2351	0.003094910591471802
2352	0.004126547455295736
2353	0.003094910591471802
2354	0.002063273727647868
2355	0.003782668500687758
2356	0.004814305364511692
2357	0.002063273727647868
2358	0.00515818431911967
2359	0.0017193947730398899
2360	0.0017193947730398899
2361	0.004470426409903714
2362	0.002407152682255846
2363	0.002407152682255846
2364	0.002063273727647868
2365	0.0034387895460797797
2366	0.006189821182943604
2367	0.001375515818431912
2368	0.002063273727647868
2369	0.004814305364511692
2370	0.000343878954607978
2371	0.001031636863823934
2372	0.005502063273727648
2373	0.005502063273727648
2374	0.003094910591471802
2375	0.002751031636863824
2376	0.003782668500687758
2377	0.002063273727647868
2378	0.004470426409903714
2379	0.004126547455295736
2380	0.003094910591471802
2381	0.002751031636863824
2382	0.003094910591471802
2383	0.004126547455295736
2384	0.005502063273727648
2385	0.0034387895460797797
2386	0.004814305364511692
2387	0.005502063273727648
2388	0.003094910591471802
2389	0.00515818431911967
2390	0.003782668500687758
2391	0.004470426409903714
2392	0.001375515818431912
2393	0.001375515818431912
2394	0.001375515818431912
2395	0.001375515818431912
2396	0.008940852819807428
2397	0.002063273727647868
2398	0.003094910591471802
2399	0.0017193947730398899
2400	0.003782668500687758
2401	0.006533700137551582
2402	0.003094910591471802
2403	0.006189821182943604
2404	0.0034387895460797797
2405	0.003782668500687758
2406	0.000343878954607978
2407	0.001031636863823934
2408	0.006189821182943604
2409	0.0017193947730398899
2410	0.0017193947730398899
2411	0.004126547455295736
2412	0.0017193947730398899
2413	0.001375515818431912
2414	0.000687757909215956
2415	0.002063273727647868
2416	0.0017193947730398899
2417	0.002407152682255846
2418	0.000687757909215956
2419	0.0034387895460797797
2420	0.003782668500687758
2421	0.00859697386519945
2422	0.002407152682255846
2423	0.002407152682255846
2424	0.002751031636863824
2425	0.004126547455295736
2426	0.002063273727647868
2427	0.003094910591471802
2428	0.003094910591471802
2429	0.003094910591471802
2430	0.003782668500687758
2431	0.004126547455295736
2432	0.001031636863823934
2433	0.00515818431911967
2434	0.002751031636863824
2435	0.001031636863823934
2436	0.001375515818431912
2437	0.005845942228335626
2438	0.005502063273727648
2439	0.003094910591471802
2440	0.001375515818431912
2441	0.002063273727647868
2442	0.002751031636863824
2443	0.004126547455295736
2444	0.003782668500687758
2445	0.000687757909215956
2446	0.0017193947730398899
2447	0.004814305364511692
2448	0.003094910591471802
2449	0.001375515818431912
2450	0.002407152682255846
2451	0.001375515818431912
2452	0.004814305364511692
2453	0.002751031636863824
2454	0.000687757909215956
2455	0.000687757909215956
2456	0.003782668500687758
2457	0.002407152682255846
2458	0.002407152682255846
2459	0.0017193947730398899
2460	0.001031636863823934
2461	0.001031636863823934
2462	0.002063273727647868
2463	0.002751031636863824
2464	0.004126547455295736
2465	0.004814305364511692
2466	0.003094910591471802
2467	0.001031636863823934
2468	0.004126547455295736
2469	0.0017193947730398899
2470	0.001375515818431912
2471	0.002063273727647868
2472	0.004126547455295736
2473	0.002407152682255846
2474	0.002407152682255846
2475	0.002063273727647868
2476	0.0017193947730398899
2477	0.004126547455295736
2478	0.001375515818431912
2479	0.0034387895460797797
2480	0.001375515818431912
2481	0.002407152682255846
2482	0.003094910591471802
2483	0.003782668500687758
2484	0.002751031636863824
2485	0.001375515818431912
2486	0.001375515818431912
2487	0.001375515818431912
2488	0.002063273727647868
2489	0.004814305364511692
2490	0.004470426409903714
2491	0.003094910591471802
2492	0.00515818431911967
2493	0.000343878954607978
2494	0.001375515818431912
2495	0.001375515818431912
2496	0.0034387895460797797
2497	0.002063273727647868
2498	0.002407152682255846
2499	0.002407152682255846
2500	0.006189821182943604
2501	0.0034387895460797797
2502	0.002063273727647868
2503	0.00515818431911967
2504	0.0034387895460797797
2505	0.001375515818431912
2506	0.0017193947730398899
2507	0.000343878954607978
2508	0.005845942228335626
2509	0.003094910591471802
2510	0.003094910591471802
2511	0.004470426409903714
2512	0.002407152682255846
2513	0.002063273727647868
2514	0.0017193947730398899
2515	0.00515818431911967
2516	0.002751031636863824
2517	0.0068775790921595595
2518	0.0034387895460797797
2519	0.003094910591471802
2520	0.002063273727647868
2521	0.003782668500687758
2522	0.002751031636863824
2523	0.002407152682255846
2524	0.000343878954607978
2525	0.0017193947730398899
2526	0.006189821182943604
2527	0.001375515818431912
2528	0.000343878954607978
2529	0.002063273727647868
2530	0.00515818431911967
2531	0.001375515818431912
2532	0.002407152682255846
2533	0.002063273727647868
2534	0.003782668500687758
2535	0.002407152682255846
2536	0.001375515818431912
2537	0.004470426409903714
2538	0.001375515818431912
2539	0.0017193947730398899
2540	0.002407152682255846
2541	0.001375515818431912
2542	0.002407152682255846
2543	0.001375515818431912
2544	0.0034387895460797797
2545	0.005502063273727648
2546	0.002063273727647868
2547	0.001375515818431912
2548	0.0017193947730398899
2549	0.0017193947730398899
2550	0.004814305364511692
2551	0.001375515818431912
2552	0.005502063273727648
2553	0.002407152682255846
2554	0.004126547455295736
2555	0.000343878954607978
2556	0.002751031636863824
2557	0.0017193947730398899
2558	0.002751031636863824
2559	0.002407152682255846
2560	0.002063273727647868
2561	0.003782668500687758
2562	0.003094910591471802
2563	0.001031636863823934
2564	0.004126547455295736
2565	0.002063273727647868
2566	0.002751031636863824
2567	0.0017193947730398899
2568	0.0017193947730398899
2569	0.003782668500687758
2570	0.005502063273727648
2571	0.0017193947730398899
2572	0.000687757909215956
2573	0.000687757909215956
2574	0.0034387895460797797
2575	0.002063273727647868
2576	0.003094910591471802
2577	0.001031636863823934
2578	0.0034387895460797797
2579	0.002063273727647868
2580	0.002751031636863824
2581	0.002063273727647868
2582	0.006189821182943604
2583	0.0017193947730398899
2584	0.004126547455295736
2585	0.001375515818431912
2586	0.002063273727647868
2587	0.002063273727647868
2588	0.002063273727647868
2589	0.000687757909215956
2590	0.004814305364511692
2591	0.000687757909215956
2592	0.000687757909215956
2593	0.002063273727647868
2594	0.001031636863823934
2595	0.003094910591471802
2596	0.002407152682255846
2597	0.000343878954607978
2598	0.001031636863823934
2599	0.000343878954607978
2600	0.001375515818431912
2601	0.004814305364511692
2602	0.000343878954607978
2603	0.006533700137551582
2604	0.002063273727647868
2605	0.000343878954607978
2606	0.002751031636863824
2607	0.004126547455295736
2608	0.003094910591471802
2609	0.004470426409903714
2610	0.002407152682255846
2611	0.002407152682255846
2612	0.000343878954607978
2613	0.001375515818431912
2614	0.000687757909215956
2615	0.001375515818431912
2616	0.003782668500687758
2617	0.001375515818431912
2618	0.001375515818431912
2619	0.002751031636863824
2620	0.003094910591471802
2621	0.002751031636863824
2622	0.003094910591471802
2623	0.003094910591471802
2624	0.002751031636863824
2625	0.0017193947730398899
2626	0.002063273727647868
2627	0.001375515818431912
2628	0.004814305364511692
2629	0.0034387895460797797
2630	0.003094910591471802
2631	0.002751031636863824
2632	0.002751031636863824
2633	0.002751031636863824
2634	0.001031636863823934
2635	0.001031636863823934
2636	0.0017193947730398899
2637	0.001031636863823934
2638	0.002407152682255846
2639	0.0034387895460797797
2640	0.0017193947730398899
2641	0.002063273727647868
2642	0.001031636863823934
2643	0.009284731774415406
2644	0.002063273727647868
2645	0.001375515818431912
2646	0.0017193947730398899
2647	0.002063273727647868
2648	0.003094910591471802
2649	0.0034387895460797797
2650	0.001031636863823934
2651	0.000687757909215956
2652	0.000343878954607978
2653	0.003094910591471802
2654	0.001031636863823934
2655	0.002407152682255846
2656	0.0017193947730398899
2657	0.0017193947730398899
2658	0.003094910591471802
2659	0.0034387895460797797
2660	0.0034387895460797797
2661	0.001031636863823934
2662	0.0017193947730398899
2663	0.001031636863823934
2664	0.002751031636863824
2665	0.002407152682255846
2666	0.001031636863823934
2667	0.001031636863823934
2668	0.003782668500687758
2669	0.002751031636863824
2670	0.000687757909215956
2671	0.0034387895460797797
2672	0.001031636863823934
2673	0.001375515818431912
2674	0.0034387895460797797
2675	0.001031636863823934
2676	0.002063273727647868
2677	0.004470426409903714
2678	0.001375515818431912
2679	0.003094910591471802
2680	0.002751031636863824
2681	0.000343878954607978
2682	0.002063273727647868
2683	0.0017193947730398899
2684	0.002063273727647868
2685	0.002063273727647868
2686	0.001375515818431912
2687	0.001375515818431912
2688	0.004126547455295736
2689	0.002063273727647868
2690	0.0017193947730398899
2691	0.002063273727647868
2692	0.003094910591471802
2693	0.002407152682255846
2694	0.0017193947730398899
2695	0.000343878954607978
2696	0.002751031636863824
2697	0.0034387895460797797
2698	0.002751031636863824
2699	0.002063273727647868
2700	0.001375515818431912
2701	0.002063273727647868
2702	0.002407152682255846
2703	0.0034387895460797797
2704	0.002407152682255846
2705	0.000687757909215956
2706	0.001031636863823934
2707	0.001031636863823934
2708	0.0017193947730398899
2709	0.001375515818431912
2710	0.0017193947730398899
2711	0.002407152682255846
2712	0.003094910591471802
2713	0.001031636863823934
2714	0.001375515818431912
2715	0.000687757909215956
2716	0.001031636863823934
2717	0.000687757909215956
2718	0.0017193947730398899
2719	0.003094910591471802
2720	0.001031636863823934
2721	0.000343878954607978
2722	0.001031636863823934
2723	0.0017193947730398899
2724	0.001375515818431912
2725	0.0017193947730398899
2726	0.001031636863823934
2727	0.001031636863823934
2728	0.002407152682255846
2729	0.003094910591471802
2730	0.001031636863823934
2731	0.001031636863823934
2732	0.0017193947730398899
2733	0.000687757909215956
2734	0.000687757909215956
2735	0.0034387895460797797
2736	0.001031636863823934
2737	0.000687757909215956
2738	0.0017193947730398899
2739	0.0017193947730398899
2740	0.002751031636863824
2741	0.000687757909215956
2742	0.001031636863823934
2743	0.000687757909215956
2744	0.002063273727647868
2745	0.003782668500687758
2746	0.002063273727647868
2747	0.001375515818431912
2748	0.002063273727647868
2749	0.000687757909215956
2750	0.003782668500687758
2751	0.002751031636863824
2752	0.000343878954607978
2753	0.0017193947730398899
2754	0.002407152682255846
2755	0.002751031636863824
2756	0.0017193947730398899
2757	0.001031636863823934
2758	0.001031636863823934
2759	0.001031636863823934
2760	0.003094910591471802
2761	0.001031636863823934
2762	0.000343878954607978
2763	0.002063273727647868
2764	0.002063273727647868
2765	0.001375515818431912
2766	0.000343878954607978
2767	0.002407152682255846
2768	0.001375515818431912
2769	0.000343878954607978
2770	0.001031636863823934
2771	0.001031636863823934
2772	0.002063273727647868
2773	0.001375515818431912
2774	0.001375515818431912
2775	0.000687757909215956
2776	0.000343878954607978
2777	0.002407152682255846
2778	0.002063273727647868
2779	0.000687757909215956
2780	0.000687757909215956
2781	0.001375515818431912
2782	0.001031636863823934
2783	0.000343878954607978
2784	0.000687757909215956
2785	0.001375515818431912
2786	0.001375515818431912
2787	0.002063273727647868
2788	0.001375515818431912
2789	0.000687757909215956
2790	0.0017193947730398899
2791	0.000343878954607978
2792	0.000343878954607978
2793	0.002063273727647868
2794	0.0017193947730398899
2795	0.000687757909215956
2796	0.0017193947730398899
2797	0.000343878954607978
2798	0.000343878954607978
2799	0.000343878954607978
2800	0.001375515818431912
2801	0.000687757909215956
2802	0.000687757909215956
2803	0.0017193947730398899
2804	0.000687757909215956
2805	0.0017193947730398899
2806	0.002407152682255846
2807	0.003094910591471802
2808	0.0017193947730398899
2809	0.002063273727647868
2810	0.001031636863823934
2811	0.002063273727647868
2812	0.0017193947730398899
2813	0.000343878954607978
2814	0.002407152682255846
2815	0.001031636863823934
2816	0.002751031636863824
2817	0.000343878954607978
2818	0.000343878954607978
2819	0.001375515818431912
2820	0.001031636863823934
2821	0.0017193947730398899
2822	0.000343878954607978
2823	0.001031636863823934
2824	0.001031636863823934
2825	0.002063273727647868
2826	0.0017193947730398899
2827	0.000343878954607978
2828	0.000343878954607978
2829	0.0017193947730398899
2830	0.001031636863823934
2831	0.002063273727647868
2832	0.000343878954607978
2833	0.000343878954607978
2834	0.001375515818431912
2835	0.000687757909215956
2836	0.000687757909215956
2837	0.000343878954607978
2838	0.000687757909215956
2839	0.000343878954607978
2840	0.000687757909215956
2841	0.000687757909215956
2842	0.000343878954607978
2843	0.001031636863823934
2844	0.000343878954607978
2845	0.001375515818431912
2846	0.003094910591471802
2847	0.000687757909215956
2848	0.000343878954607978
2849	0.001375515818431912
2850	0.000343878954607978
2851	0.000687757909215956
2852	0.000687757909215956
2853	0.001031636863823934
2854	0.002063273727647868
2855	0.001031636863823934
2856	0.000687757909215956
2857	0.000687757909215956
2858	0.001375515818431912
2859	0.001031636863823934
2860	0.001031636863823934
2861	0.000687757909215956
2862	0.000343878954607978
2863	0.000343878954607978
2864	0.0017193947730398899
2865	0.001375515818431912
2866	0.0017193947730398899
2867	0.000687757909215956
2868	0.000343878954607978
2869	0.000343878954607978
2870	0.000687757909215956
2871	0.001031636863823934
2872	0.000687757909215956
2873	0.000343878954607978
2874	0.000687757909215956
2875	0.000687757909215956
2876	0.000343878954607978
2877	0.000687757909215956
2878	0.000343878954607978
2879	0.000343878954607978
2880	0.0017193947730398899
2881	0.000343878954607978
2882	0.000343878954607978
2883	0.0017193947730398899
2884	0.000687757909215956
2885	0.001375515818431912
2886	0.001031636863823934
2887	0.000343878954607978
2888	0.000343878954607978
2889	0.000343878954607978
2890	0.000687757909215956
2891	0.000687757909215956
2892	0.0017193947730398899
2893	0.000343878954607978
2894	0.000343878954607978
2895	0.000343878954607978
2896	0.000687757909215956
2897	0.000343878954607978
2898	0.000687757909215956
2899	0.000343878954607978
2900	0.000687757909215956
2901	0.000343878954607978
2902	0.000343878954607978
2903	0.000343878954607978
2904	0.000343878954607978
2905	0.000343878954607978
2906	0.000343878954607978
2907	0.000343878954607978
2908	0.000343878954607978
