0	5.222125639221807e-05
1	0.0014680451831873731
2	0.0018110876391253595
3	1.9809563495327564e-05
4	0.007632213433330323
5	0.0003438502027128258
6	0.002482957076453256
7	0.0005518644391130114
8	0.0005966248818173955
9	0.005887875571843258
10	5.683086292464256e-05
11	0.0009773892868943776
12	0.000822580017008106
13	0.000145285747134329
14	6.018973028249927e-05
15	0.0004037500575096042
16	0.00017713751051579935
17	0.0002589333647324351
18	0.00027406060945041214
19	0.0010420709133671816
20	0.0025825762298037117
21	0.26727914419458315
22	0.0008590774758058867
23	0.0018607601947675924
24	0.00030863872084697046
25	0.0009746475857638706
26	5.758429678666794e-05
27	0.00037283175023954286
28	0.0006845560725094664
29	0.00037440170943214764
30	0.0006073091294048198
31	9.862272148217716e-05
32	0.0005168492118640715
33	0.0024179902151877835
34	0.005929562570802156
35	0.0010531168733002682
36	0.0003835869072068049
37	0.00012794607474168746
38	0.000915777950519769
39	0.00016553104814859252
40	0.07046964143044701
41	0.0003674388214381165
42	0.0004158191233043401
43	0.0013418133628888976
44	0.000713685105444975
45	0.001469554950430304
46	0.0004863910164103014
47	0.0005362580294956196
48	0.0018268675372297527
49	0.00012204586134239727
50	0.0008164665333951094
51	0.00020909946462859742
52	2.4152951400573997e-05
53	0.0007399536585004824
54	0.0012259448305598
55	0.0009903977486708903
56	0.0003933021143124815
57	0.00019938180302704085
58	0.00042119321086399905
59	0.0003526983347367217
60	0.0003578357301492496
61	0.014147391603303226
62	0.00013547445533365073
63	0.12501172384894932
64	0.000396898276160389
65	0.0003261300319305255
66	0.00043487682076379076
67	0.0008298162020643063
68	0.0006058678172881281
69	0.06202928301093101
70	0.0004740006783312049
71	0.0007273787908826547
72	0.000859914244034689
73	0.0008225060142396345
74	0.0018866806809607855
75	0.008816068218507432
76	0.0005685084909257394
77	6.535327429519124e-06
78	0.0012443662685180082
79	0.0006735579467567725
80	0.000827271748824296
81	0.0003464898229724627
82	0.0004972517867740424
83	7.576599120200705e-05
84	0.0003763057744093709
85	0.00017117608717701107
86	0.00031132273906701576
87	0.0013547940620354574
88	0.0052182681855626216
89	0.0009054081313153733
90	0.0008057002736874781
91	3.5164184524053065e-05
92	0.00030981059969351353
93	0.00038276503469687094
94	0.0984330049348844
95	0.0013577061380074305
96	0.001394292644735623
97	3.0317890935865964e-05
98	0.0019594196793903725
99	0.001033886191384833
100	0.00037216954477719834
101	0.009297127894744957
102	1.1150046863295876e-05
103	9.277661640512292e-05
104	0.0003135108750278977
105	0.0007414359503691018
106	0.024983478422058437
107	0.0006146338626242193
108	3.401325774955199e-05
109	0.0006096351753603271
110	1.2409043279062445e-05
111	0.0008350759573205808
112	0.032121802528520184
113	0.0016726452557492661
114	0.0004588652529794627
115	3.0121997797106914e-06
116	0.0001604958537050332
117	0.0014539355277217547
118	0.0010264823612779709
119	0.0019516589803015782
120	0.0001257472385263497
121	0.0006775791388253008
122	0.00017488588128825125
123	0.0015765837863008423
124	0.0002460178561301473
125	0.00044521696378034217
126	0.0039925853192025
127	0.000378905326278722
128	0.0008940933738704783
129	9.645264885901666e-05
130	0.00029861259808173704
131	0.0005665791099577671
132	0.00018525610617804792
133	0.00024785459344278606
134	0.0071912826115203485
135	6.785534516169768e-05
136	0.00015168604042308605
137	0.00018740597564176705
138	0.00013678054958963384
139	0.00034589164767473744
140	0.0002348859137528366
141	0.00046284731287734963
142	0.0006840062015200299
143	0.00015762172985764477
144	9.100873859734465e-07
145	0.00017118343647823338
146	8.3216493408516e-05
147	3.030338505997607e-05
148	0.0002838395354785466
149	0.0007440272335333603
150	2.9609423882417184e-05
151	0.001547000781730964
152	4.1953007780954276e-05
153	0.00037712826799525583
154	0.0009131113780334817
155	0.0002579355504142465
156	0.00031441902428227045
157	0.002464292303976513
158	0.0008120273592062072
159	0.0014762224286635245
160	0.0003895636536399567
161	0.0012143976810286097
162	7.531623890320236e-05
163	3.090829827796826e-05
164	0.00035868802933547797
165	0.0002902939501620485
166	0.000476744362533428
167	0.0029162806942156488
168	0.00039695192348449443
169	0.0004802596405814011
170	6.878502414375751e-05
171	0.000742278243425723
172	0.0003912063400146338
173	0.00016154211630157471
174	0.00118396991184658
175	0.00016118284644991762
176	0.0005244776735343082
177	0.0002856358656447252
178	0.0004597493282882266
179	0.0012304406832997054
180	8.123816278523987e-05
181	0.0038128158738006956
182	0.00035499185059150264
183	0.0007443380284771358
184	0.00021976749056631397
185	0.00031462874320294413
186	9.080192603353501e-05
187	0.001605293046066104
188	0.0004066398768243822
189	0.07635027660611582
190	0.0001786630101548371
191	0.005575431362282259
192	0.0005566813913876923
193	0.00012201819173512005
194	0.00010552314361011912
195	0.00018318152074789913
196	0.00021131631427008082
197	0.0004816794374805082
198	0.00029344591781331453
199	3.360849577835771e-05
200	0.00024334863629267575
201	0.004637362518231111
202	0.0005897260513169827
203	2.774194508896404e-05
204	8.842223571751436e-05
205	2.80189656432596e-05
206	0.0014089514313826868
207	1.903923527917177e-06
208	0.0004968026405974845
209	4.8351074994556414e-05
210	3.220618167889737e-05
211	0.000888281845990549
212	6.704668213449663e-05
213	5.4682769422739934e-05
214	0.0001470637261322183
215	0.0008302132206404775
216	0.00033932227535511824
217	0.012420077859554205
218	0.0002053923440909887
219	0.00029263839748743756
220	0.00010252246244454813
221	0.0004867190497474775
222	0.00014645559113139493
223	0.0016757387259519383
224	0.0017077268880662032
225	1.1365709783956085e-06
226	0.0017222987338804075
227	0.000340100138874956
228	7.154999330924803e-05
229	0.00039000021030507955
230	0.0009724864784078928
231	0.00010521484119285136
232	0.00043188207536880394
233	2.942733268324368e-06
234	0.0001157762480355492
235	4.10577522778692e-05
236	0.00048526769458988897
237	0.001339660197994349
238	0.000648119830250629
239	0.0009691712095193752
240	8.562207039541373e-06
241	0.0002770546874976029
242	0.0003930707227117076
243	7.848459630630908e-07
244	0.00019266965035952242
245	0.00011991850772285496
246	0.00030036914736775747
247	0.0001572546952777061
248	0.0001222742100901556
249	0.0008963903888508202
250	8.197098332610833e-05
251	0.0008516149428450771
252	0.007365918629686944
253	0.0008061689089272728
254	0.0006230912410364981
255	0.00041943251935230554
256	0.0002165790644742115
257	0.0003907430423232791
258	0.0008112185977984603
259	4.5663771980496936e-05
260	0.00019401410294905732
261	0.0003381784610184957
262	0.0005968537782414842
263	0.0002663317727884736
264	0.00037014934404209165
265	0.0003287175042322819
266	0.00018439820034069835
267	0.000567785512035012
268	0.00041433197553941296
269	0.0012820864224582721
270	0.0014247627071588564
271	6.793816714851265e-05
272	0.002770752762326015
273	0.0007196680873990708
274	0.003137850813193417
275	0.0006733878210484465
276	7.079959492754807e-05
277	0.00015063543675605231
278	0.002058624820158629
279	7.316293795301711e-05
280	0.0005968975540018418
281	0.00017019319286027594
282	0.0012246452150070177
283	0.00011052910600427915
284	0.0007353325086124393
285	0.002849668422708181
286	0.0004928678016730255
287	1.6807105530936024e-05
288	0.00022361147699662687
289	0.000454245778213623
290	0.0007521070788629565
291	0.0010516151401518382
292	0.001285397395781506
293	0.000505137960495397
294	0.00010652437380906249
295	0.0004916714716597754
296	0.0003651546169733959
297	0.0005459192133484327
298	0.0003475974512418395
299	0.0003257180237863467
300	1.5453136122748662e-05
301	0.000358131274244687
302	0.0006411976164927293
303	0.0004583256301292303
304	0.0007539556323864506
305	0.0003773873593369514
306	0.0010877224004350843
307	0.0004000895932051668
308	0.00034467091340256755
309	3.7425872451756397e-05
310	4.980203816385604e-05
311	0.00024286984985568636
312	0.00016528512182776125
313	0.000288705038302757
314	0.001139087565792464
315	2.041073510143065e-05
316	0.0016805913670945212
317	0.0005319517936647043
318	0.00011406119764263081
319	0.00015018052481249712
320	0.000983094906972307
321	0.00038207149135426304
322	0.002302109851817113
323	0.001792867671034613
324	7.249965929425977e-05
325	0.001631217937128581
326	0.0006653770669599146
327	0.00016553501568606637
328	0.00032660633048502206
329	0.00023569682883655416
330	0.00018057606973279137
331	0.0002727329149906437
332	0.0011276364347231368
333	4.186222488234583e-06
334	0.0007579115719898541
335	0.0013307558397392058
336	6.393215558158949e-05
337	0.00030934876017873987
338	0.0036427303795341526
339	4.761416431977776e-05
340	0.0007763581344895706
341	0.0006908697668948765
342	0.00038209536464117445
343	0.00037104655627236453
344	0.00161133725327918
345	6.0057103977615625e-05
346	0.0010278161504368008
347	0.0005686830642841294
348	0.000630931518344528
349	0.001340784397292754
350	0.0003674208105266348
351	0.0006197317099335119
352	0.0006229926537446935
353	0.0002053608396940335
354	3.2010213080285214e-05
355	0.001013823160167742
356	0.00023774834071669374
357	0.00951582407671069
358	0.00011314147691107355
359	0.0002568029472739808
360	0.0008697925194331218
361	0.0013418533332247814
362	4.34764082393642e-05
363	0.000907858582552365
364	0.00030921285523537856
365	0.00013899464109852277
366	0.001787633408390029
367	0.0007167097692616846
368	0.0007064333496325756
369	0.00010094689230094409
370	0.00013308563134921365
371	0.0024942087986206366
372	0.0012229307118057447
373	2.6915669294234488e-05
374	0.00017842596390076093
375	0.0006421818540365761
376	0.00027751572719527946
377	3.2937633955291135e-05
378	1.69265958782361e-05
379	0.00025331037948638847
380	0.00035320809748790174
381	0.0003206265692458744
382	0.0015288054821692987
383	0.0005533141428060938
384	0.017462478404876917
385	0.00023244473446753985
386	0.0013662475546699113
387	7.725040794610384e-05
388	0.0016753766366119727
389	8.986092931435775e-05
390	0.00021331539954224854
391	0.00024439918886974527
392	0.0025136060648393043
393	9.556197575671242e-05
394	0.0012300273391284125
395	5.822239565327841e-05
396	0.000974308238567982
397	0.0019508657793932112
398	3.247608070558735e-05
399	0.0005885843105520713
400	0.0034105416644146158
401	0.0012246288758305363
402	7.095482875383864e-05
403	0.0023456337544300473
404	0.00019650723741894058
405	0.000403999746152016
406	0.00015199672965724744
407	0.00012362006452475618
408	0.00013668601105944634
409	0.0039685072709838495
410	0.00014374444101852588
411	0.0001640069830341698
412	0.0009536262979536136
413	0.00010415762681379367
414	0.0006908379107222699
415	0.0002940258636536154
416	0.0003967920726363097
417	0.0009722386647488782
418	0.0010625954869704975
419	0.00018977529248632936
420	0.00022328406525294047
421	3.7555934531743226e-05
422	0.0006792369466109214
423	0.0010963479484811269
424	0.000428312805759023
425	0.00037348728313525063
426	0.0009275233651178656
427	0.00011669461453685945
428	7.688852560488453e-05
429	0.00010135186039130585
430	0.00028014232049630315
431	0.0005779875067245781
432	0.0005441924010171946
433	0.0006992254312551407
434	0.0010254120582153187
435	0.001651077052532237
436	0.0012806009995482864
437	0.00016154851707755752
438	2.721246484591383e-05
439	0.0007894589855679199
440	4.51835574939198e-05
441	5.017710723358291e-05
442	0.00037215632133906734
443	0.00027305090441013006
444	0.001699801043938423
445	0.0005430342544877223
446	0.00036866724889939343
447	0.0010585231332407982
448	0.0010360554915877914
449	0.00011395426296631829
450	0.0003593576075599618
451	0.00010930660672241704
452	0.0004647973567859377
453	2.0399763181509788e-06
454	0.00019059692946224942
455	0.00022417440187701514
456	0.00024373770570607417
457	0.00047434706305761714
458	7.116542145476884e-05
459	0.000443356724174442
460	0.0010392421860590374
461	8.57369125036895e-05
462	0.0006713159221002738
463	0.0005068746530167516
464	0.0005687257642647734
465	5.267007171562008e-05
466	0.00020532945153530342
467	0.0008416574414531545
468	0.0007825850388382177
469	0.0009014009222288599
470	0.00035931314920314885
471	0.0010534616575045542
472	0.00012952195985277981
473	0.0011062617927749346
474	0.00017455083590024487
475	0.0010086172928043583
476	0.00034132336761185533
477	0.00132164530734846
478	0.00011122192853653999
479	0.0004481589066789992
480	0.00048183441856304376
481	0.0057958173436706735
482	4.565389002250349e-05
483	0.00045195635941023263
484	0.00030903439139671687
485	0.000477679513637475
486	5.944909685349063e-05
487	0.0014378651988676975
488	0.0002113265044086274
489	0.0004874584729581962
490	0.00040486838755428257
491	4.282229330130765e-05
492	0.00018139827344127357
493	6.39743839610898e-05
494	0.00221405126158026
495	0.00010067079369575033
496	0.00017379714010198403
497	0.0010201380612064302
498	1.231590755369557e-05
499	0.0019264702695502558
500	0.0008554859150783922
501	3.815715463522683e-06
502	0.00015276493007851922
503	0.0009978940953223566
504	0.00013284794948322526
505	0.0008444181441734645
506	0.00164030129616916
507	0.0001073445982883486
508	0.0010582506629400984
509	0.001316772193566172
510	0.0007251511569077115
511	0.00045160734284588935
512	0.000202548307142391
513	0.00035134388511885056
514	3.790483331874555e-06
515	0.0006027431567033557
516	0.0006580468225807054
517	0.0003036332252607085
518	0.0010744720085322874
519	0.002215495527562491
520	0.00012374477566448638
521	0.0002893281384777648
522	0.00013495882700740732
523	0.0002107323379434206
524	0.00017917996256699935
525	0.0001374914087364348
526	0.00031148821813020136
527	0.000796558598463378
528	0.00024673649639438095
529	0.00041789199112207426
530	0.0007258363813786062
531	0.0005019564702220446
532	0.0021409070568576497
533	6.902871819746739e-05
534	0.00020428073739829232
535	0.00022770971753708518
536	0.0007562293735020655
537	0.00029825126850933545
538	0.0006495024072240816
539	0.0006142583005100705
540	2.7898367436308972e-05
541	0.00015593918444333518
542	8.620843617583488e-07
543	0.000456857237064063
544	0.00030303799188535356
545	9.093638424239619e-05
546	0.00023367405800089178
547	0.00023690359447268397
548	0.0020623557274671938
549	0.0005874867404524739
550	0.0011389980582661588
551	1.1031501894353148e-05
552	0.00107396271382449
553	0.00027391689044077247
554	0.0007747181176545326
555	8.850979712731403e-06
556	7.515831080454233e-05
557	0.00041389094232175956
558	0.00011012239833644463
559	0.002549691940091211
560	9.774425502466021e-05
561	0.0003901478935393128
562	0.00020247987193656615
563	1.442312559205149e-05
564	0.001957537929004909
565	0.0007310664002433841
566	0.00029429491638311795
567	0.00044462839038797675
568	7.183427929401401e-05
569	0.0019011002727508948
570	0.0005267168295456426
571	0.0019140460259533568
572	0.0004758478310370049
573	0.00022280855869580664
574	3.831117671431965e-05
575	0.0011675129960479736
576	8.26396986865165e-06
577	0.0004891222717215908
578	8.299328758062314e-05
579	0.00019652558664056094
580	4.7847540073039265e-06
581	0.0001657918911118222
582	3.515340321094837e-05
583	8.685058425463103e-05
584	0.00044881980680158397
585	0.0009189999124654098
586	0.00014965646745037793
587	7.909708173790885e-05
588	0.00011170026623964325
589	0.0006491011542362934
590	0.00026568877798541083
591	9.959063537724726e-06
592	0.009088078147936699
593	4.70807802910694e-05
594	5.641970662972316e-05
595	0.00035123857731434035
596	2.3523785956919035e-05
597	1.83731521111601e-05
598	0.0002910435483792787
599	0.00029436047176620474
600	0.00022933224025544708
601	0.0006868976804029398
602	0.0001987262447662011
603	0.0003357301649511033
604	0.0008168683500788244
605	0.0002590173759994931
606	0.0020206325699905986
607	0.0001343937265220784
608	3.59718098585477e-05
609	0.0002753694340460018
610	0.0030422627631307053
611	0.0003565840668268581
612	0.00025033745200611304
613	0.00048765085140832075
614	0.0004228471829300743
615	0.00134979800348532
616	0.0005285031939902847
617	0.0011167095550605444
618	0.0005329680611704693
619	0.00010637489174011661
620	0.000629951019238786
621	0.00012835189794665428
622	0.00016804999977296302
623	0.00025325961160200643
624	0.0003698730134759405
625	0.0013490314934658358
626	0.0007426255646285152
627	0.00014592730682321483
628	0.00011848278050824073
629	0.0022397459265785617
630	0.0013420055943811863
631	5.673830299473005e-07
632	0.00018977958521612624
633	0.0003836969861030866
634	0.00048410950200383237
635	0.0004642132572403129
636	0.00033708703238397914
637	0.0011667243011661119
638	0.0017251961498381974
639	5.1254182261973425e-05
640	6.094649894621407e-05
641	4.329488855337596e-06
642	0.0005442776915668506
643	5.21806400176906e-05
644	0.0002374466214702046
645	0.00033399746969659823
646	0.0003957189262575976
647	0.0005656448850659249
648	0.0002885848436130841
649	0.004032090733740742
650	0.0009529402055510067
651	0.0005592926966900634
652	3.6683937076372195e-06
653	0.000915493658497373
654	0.0008311450240410122
655	0.00011526233607595063
656	0.00017845775998147367
657	0.001593369727846046
658	0.0006526505309252715
659	0.00013800124193529773
660	0.00046595796502716085
661	0.00017256469930441914
662	5.229748849500146e-05
663	0.000259631649192255
664	9.212714013520705e-05
665	6.708196615190821e-05
666	0.0004416959304126635
667	0.000975211897502797
668	0.0003705202015426297
669	9.773601885170354e-05
670	0.0005268614165404912
671	0.0002414948930375869
672	9.173272732683649e-05
673	1.1922016239817408e-05
674	2.2430358156259835e-05
675	8.132162656815492e-05
676	0.00013518705500395798
677	0.0009457050910158438
678	0.0015244879484018312
679	0.00011265708440543382
680	0.0006162285870425989
681	0.0008345022427652781
682	0.0002498934747963525
683	0.00012378890328884433
684	0.00018555354175402896
685	0.0005836695003906469
686	0.0010080481651720452
687	0.0001443663669403084
688	0.00011824430389664362
689	1.902027550412123e-05
690	4.259873984206316e-05
691	0.00206853318038439
692	5.421181549967725e-05
693	0.0008585192159020486
694	0.0024144020453976322
695	0.0011276922476652837
696	0.0010147270142919144
697	0.0005489830559368411
698	0.0002862687242541151
699	1.1602688427332606e-05
700	0.00014967405485497514
701	0.00029795779169142727
702	0.0005261852219318226
703	0.0004189272632219905
704	4.687593664641589e-05
705	3.2272993958717374e-05
706	0.0003828092091387868
707	0.0017264318635659478
708	0.0014526953221537316
709	0.0001356919291331988
710	0.0003077890773679152
711	0.00015348498888842355
712	0.0001102199410132889
713	0.0010658295366337918
714	0.0004030287624779588
715	0.000350317652956933
716	0.0026515071001962484
717	7.048480459573842e-05
718	0.00014279886259038117
719	2.574727489639463e-05
720	0.00048110877824308933
721	0.0004429470790507961
722	0.00023965446596397333
723	8.805205827218077e-05
724	0.00037407965038228664
725	0.0006803564101806513
726	1.5545745541865597e-05
727	0.00016677197763625322
728	0.0022289376187529025
729	0.000339102450290822
730	0.003427119423028673
731	0.0014387615972151298
732	7.704692046021881e-05
733	1.1238195858889548e-05
734	0.0005054731882623221
735	8.142154214510704e-05
736	7.0529687696404295e-06
737	0.00011884499921855928
738	0.00020718333534162206
739	0.00048589003880536875
740	0.0008360458958082851
741	0.0003529915559328951
742	6.077191112527086e-05
743	7.186381763736597e-05
744	0.0005309426147453698
745	0.0005218975216786528
746	0.0009058101562855123
747	0.00021510734627518875
748	1.3080310002010886e-06
749	0.0003812405779982725
750	0.0003417792173265512
751	1.0147622016908776e-05
752	0.00044659599727077344
753	0.0005300626476147517
754	0.0005951643809279693
755	1.330045396006316e-06
756	0.00029094181957892894
757	0.00012123462255183236
758	0.0008163359931888141
759	0.0002067291577802197
760	0.00033730656041901425
761	0.00041962836013719634
762	8.525361574825305e-05
763	0.00044597766785898856
764	0.0004625024551188688
765	0.0002477803944713956
766	8.535633127304543e-05
767	7.202578836909515e-05
768	0.00023080794450981812
769	0.0003859809560837551
770	0.00016825682337512813
771	0.00013614093006420873
772	0.0008377473584745554
773	2.809851046373132e-05
774	0.0015885256314903452
775	0.001044581674190137
776	0.0002177393288334114
777	0.00030088701546994147
778	0.0002380136565473151
779	0.0007145115063340421
780	0.000513449099373313
781	8.719595920562648e-05
782	0.00042483602549990866
783	1.4428787051095097e-05
784	0.0008108086500144536
785	8.773445374574223e-05
786	0.0
787	0.0010580517224905246
788	0.0002349708317050599
789	0.00040559627578778105
790	9.048039955874453e-05
791	0.0001972216178758226
792	0.0022924636196513513
793	0.00042844342624498265
794	0.0023806343175778884
795	3.267151435330602e-08
796	0.00036492721563753596
797	0.0006407117577455079
798	0.00015862920967862375
799	0.0005446852684578783
800	0.00025372685967383956
801	0.0006026399935472878
802	0.00015246512740640393
803	0.0005765018176355439
804	9.457102004952241e-05
805	0.00010194646759304975
806	6.992309283080554e-05
807	0.0010170211374669854
808	0.0004825990527726779
809	0.00023704074110905254
810	0.0022221416820572535
811	0.0005982351743524294
812	0.00014996701921837535
813	4.1435303493605295e-06
814	0.0039075002024620414
815	0.0003884462999920683
816	1.0880097850612873e-06
817	0.0002241370200282614
818	9.472772491112936e-05
819	0.001091911304658996
820	0.0012943220792845551
821	0.00039282751916129826
822	0.010452836142294284
823	0.00019554971090960613
824	0.0006292223887414406
825	0.0005388095932996132
826	0.0001257997528487063
827	0.000391792222684302
828	0.00036932421351367454
829	2.4114261189310502e-05
830	0.0010759028268402474
831	0.0001617703309090923
832	0.00017378289133849247
833	0.00013509911241609487
834	0.0001180503729661487
835	0.00023712890560345258
836	0.00030513179174210205
837	0.00011712457232670306
838	0.001133646213445774
839	7.470007642067201e-05
840	0.00125676625294133
841	0.00012189781699398738
842	0.000926250717389209
843	0.0008480510529905684
844	4.151350187384861e-05
845	7.886981051378343e-05
846	0.0001172755752518109
847	2.6179606250347813e-05
848	0.0003289944052239002
849	0.001506747251915545
850	0.0010927295418986923
851	0.0001001986043238085
852	0.00082532622695863
853	0.0004347771512302046
854	0.0006501134830569565
855	0.00039256482364615045
856	0.0002596961573188932
857	5.425869927299192e-05
858	0.0009071582361331019
859	7.791561452491066e-05
860	0.000607430609867921
861	0.00029175792515331194
862	0.0007609894776135156
863	0.00012173452199495541
864	0.00013704115320728835
865	0.0003557577720915306
866	0.00026485104382597033
867	8.78049747048412e-05
868	3.271702724302716e-05
869	0.00015882793940055954
870	0.0008655904038496898
871	0.0002239101824355625
872	0.0011081979843756752
873	0.00021320242672608154
874	0.0007371140055465209
875	0.0016768379805777204
876	0.0004812020389906909
877	4.169038235155114e-05
878	0.00033556630903861597
879	2.2216509252895366e-06
880	0.00011348711928459417
881	0.00043571380348245365
882	0.0009585273245653438
883	0.0002988486140863162
884	1.9850211144421024e-05
885	0.0002720266441208415
886	6.508353253359491e-05
887	0.0007367810680891873
888	0.00012554793621296465
889	0.0011282883233871758
890	0.0002639937967945816
891	0.00011237362397014624
892	0.0006861909572446104
893	0.0004161605838112674
894	0.0021543474957353664
895	0.00014574464133464658
896	2.518016021981283e-06
897	0.00015897043471132296
898	0.00043319224521280427
899	0.00021088257487886626
900	0.0004061322674181949
901	2.6298656428945148e-06
902	0.0012564074609536732
903	0.0020861027452104466
904	0.000247252460495932
905	0.0005522357763073837
906	0.0009084528087496056
907	5.082366677334167e-06
908	0.0014710415212779156
909	1.2403972443353138e-05
910	0.000882112916588932
911	6.977801022488329e-05
912	8.428822639800136e-06
913	0.00038085524107310043
914	0.0005693360464135897
915	0.00013773548209373046
916	0.00020761462445860785
917	6.089111254201322e-06
918	9.215523244220997e-05
919	0.002001613410061423
920	9.639340974797778e-06
921	0.0005881612048865454
922	3.2215776509609165e-05
923	4.352691025409704e-05
924	0.00046486622432152243
925	4.110220728683835e-06
926	5.6608478862827305e-05
927	4.0539967519588304e-05
928	0.0015145184774560591
929	4.1980978170090375e-06
930	0.0001971880447729107
931	0.00018680422728070098
932	0.0008970704538053626
933	0.0009132952139318236
934	0.0
935	0.0004299773701015878
936	0.0014139037221175992
937	1.534725321091486e-05
938	8.886286486297024e-05
939	0.0005929909183931247
940	0.0
941	0.0004457860293462781
942	5.5391014166458614e-05
943	0.00011568836536705784
944	1.828589433315255e-05
945	2.4597329937185402e-06
946	0.0004643562486505815
947	2.3609558572223157e-05
948	0.0004798137479951238
949	5.029528664672081e-05
950	9.634758365344149e-05
951	0.0005594690470471283
952	0.00029355626524902066
953	0.0011681463068967592
954	0.0007028023431688927
955	0.001123843235369361
956	0.00022389722541395576
957	0.0015389356163012207
958	0.0004478289707611896
959	4.471816451516386e-06
960	0.0010886508335894711
961	0.0006667272014625456
962	4.052414632213843e-05
963	0.00033502664514980927
964	0.0007209666716103104
965	0.0007430710727011733
966	0.0005777533184486085
967	0.0010221832580570925
968	0.00018974633266932462
969	4.434340861181305e-05
970	8.933296756307848e-05
971	0.00010867844443196416
972	0.0002527306346425201
973	3.5463555497472344e-05
974	0.0005897353522389008
975	3.986962165769368e-06
976	0.0016654540967699697
977	0.0010272711781390965
978	0.00017473652577772807
979	0.00029439372112889894
980	0.0006972430743784261
981	0.0004586500087691915
982	0.000614817440411885
983	0.0004715793545896049
984	0.0003438255087456481
985	0.0004043809106296772
986	0.000175785617873369
987	0.00010055592093558578
988	0.0003351991614914437
989	0.00044531249967921376
990	0.00023229481361389823
991	0.00012957528623806422
992	0.0005292094480267768
993	2.706607108439717e-07
994	1.3429105763138732e-07
995	0.00015525491640777618
996	0.00013383695875684475
997	0.001369313612493432
998	0.0001175456777651557
999	4.927677488800653e-05
1000	9.649807656882597e-05
1001	0.00014217200706999003
1002	0.0005926892173076645
1003	0.0007224724330394989
1004	2.459777456576367e-05
1005	0.0011348569425314627
1006	0.000831349878792217
1007	0.00017237648706759908
1008	1.8605468250223947e-05
1009	0.00010180314143233713
1010	0.00019970519028078914
1011	0.0004538450482538779
1012	0.0004623269910376747
1013	0.00033508219757249737
1014	0.00033894691090376725
1015	8.626368133619404e-05
1016	0.0001487558416432015
1017	1.4561473636023256e-05
1018	0.0002060423778511079
1019	0.0003482309220892125
1020	0.00023869177335871146
1021	0.0003188168584425375
1022	0.00019045379735952808
1023	0.0049981510100692165
1024	8.08196406650883e-05
1025	0.0
1026	0.0007480198476508956
1027	0.0010206921401410653
1028	9.532216940994703e-05
1029	0.00024260530664190695
1030	0.0005471292317338543
1031	0.00038475450567211693
1032	0.0004542218059261374
1033	0.0009025538671344819
1034	0.0003624227853207739
1035	3.789141155266962e-05
1036	0.0003732906769073468
1037	0.00037377109605688327
1038	0.0
1039	6.194155737727883e-05
1040	0.0002594370705361098
1041	0.0001781719743222686
1042	0.00036782869522723445
1043	0.0027459462243236833
1044	0.00014772707194465906
1045	0.004264723475417303
1046	0.00034385878731637713
1047	5.21895626359018e-05
1048	0.00014830626343430197
1049	0.0007411119949949415
1050	0.00030122399849547216
1051	4.864500621945149e-05
1052	0.00022353354733389762
1053	0.0003750949736582492
1054	0.0004953404217011408
1055	0.00011688853270348328
1056	0.0001980577024208186
1057	0.0005647302953170607
1058	0.00016838334150857593
1059	0.0001578494212268329
1060	0.0004655278490068421
1061	0.0006730935416386409
1062	0.0001956088085735783
1063	0.0010052226111338764
1064	5.135386457659663e-05
1065	0.0008884447943466902
1066	0.0002573959540007577
1067	0.00013771778155878761
1068	1.763737370329215e-05
1069	0.00016371665345642125
1070	0.0008658759482431099
1071	1.4371640294877054e-05
1072	4.9940024573590544e-05
1073	0.0008577699450337393
1074	0.0009694395201439377
1075	0.000248438973883498
1076	1.6421243229474306e-05
1077	5.522014932915459e-05
1078	1.0739889217230853e-05
1079	0.00029889993028236485
1080	0.0005500217803847347
1081	7.525748307902283e-05
1082	0.00018024924784771897
1083	0.0003374204082063683
1084	0.0001948370322724647
1085	3.242042830491298e-05
1086	3.435098854418395e-05
1087	0.0003276828290401946
1088	5.624477167750016e-06
1089	0.00036009892025651026
1090	0.0016608462570136852
1091	4.4940481484854475e-06
1092	7.497294381387561e-06
1093	0.0006990722207674924
1094	5.789905953656642e-05
1095	8.929646257830447e-05
1096	0.0013343411728029468
1097	8.069338416242108e-05
1098	0.00011665263688927173
1099	1.9482395254795898e-05
1100	0.0002090944898622075
1101	0.00025193175265508674
1102	5.860019893577984e-06
1103	0.00016253425192086192
1104	0.0001280148578283599
1105	0.0005230680443345228
1106	0.0011365058004234052
1107	0.0008586613917995307
1108	0.0007736728243465527
1109	0.0008419389688683634
1110	9.45725317731186e-05
1111	1.6900007327638622e-05
1112	0.0008612724920757289
1113	0.00045707412212011667
1114	4.803897138947526e-05
1115	0.0006968596148596936
1116	8.659721341850159e-05
1117	2.472058470541018e-05
1118	0.0004291324456913947
1119	0.00014870891780102284
1120	0.0002490382739801386
1121	0.00011781622173546237
1122	6.810863949879294e-05
1123	0.0003661512735168155
1124	0.0016432982319708163
1125	0.0008232141725802928
1126	4.373630011178497e-05
1127	0.00020568622553967424
1128	0.0013919352875907873
1129	0.001437593673696005
1130	0.0007028883680827099
1131	0.0005412502404619593
1132	0.0003412137722783788
1133	0.0011436148762242761
1134	0.00015334463853519371
1135	0.0003786951849184792
1136	8.177806901891483e-05
1137	1.1570686613301177e-05
1138	0.0003845092606579782
1139	0.0013379198120607057
1140	0.0003139014155203328
1141	0.00021464479824497435
1142	3.6629846650187144e-05
1143	0.000379772422890591
1144	1.762633318704542e-05
1145	0.00025122203589989715
1146	0.00038588515820951616
1147	0.00023443213439577884
1148	0.0002077748796010213
1149	0.0004601424852717875
1150	0.0006414444681057001
1151	0.0002238699138553045
1152	0.0011636004245137504
1153	0.0009596086183124208
1154	0.0010644060368899238
1155	0.00018118821169180852
1156	6.6081415455898455e-06
1157	0.00018851550841646696
1158	0.0004832951251246304
1159	0.0007668485380502882
1160	9.408738536251262e-05
1161	0.0011970914593791824
1162	0.00040511789170419066
1163	2.8655145334182798e-05
1164	0.000306335854232412
1165	7.241215118927796e-05
1166	0.000204979603188557
1167	0.00015713869249636009
1168	0.000218722579758269
1169	0.00019196717373175582
1170	0.00020807396653450824
1171	0.000322476085615239
1172	0.0003880950843365606
1173	0.0009741046364689921
1174	4.01879618405787e-05
1175	0.0002515255422407589
1176	0.00028221642428196114
1177	0.0001718672006117776
1178	0.00017290678172696817
1179	6.228210523053591e-05
1180	0.0005379267470897271
1181	8.211894611589174e-06
1182	0.0002641702969357922
1183	0.00019142113155022012
1184	0.00010617399894334662
1185	0.0008515613501319613
1186	0.00032332180062268474
1187	0.00018707914784378164
1188	0.00016239879837567876
1189	0.0008593783672243842
1190	0.00033701583264604155
1191	0.00022318284616045599
1192	0.0005906758523404002
1193	0.0005025956572778344
1194	4.877755986484038e-05
1195	1.3740159737660142e-05
1196	0.00035886506376184697
1197	0.0010784056279102942
1198	0.0010996984407281574
1199	0.0005291739763794819
1200	2.36198350269223e-05
1201	4.634475519084367e-05
1202	0.00029233539517124074
1203	0.00041075045138550854
1204	0.00028952926200726426
1205	5.770371512192373e-05
1206	0.0003629598054428475
1207	0.0009727196270758381
1208	8.131594542334869e-05
1209	1.0310712276624339e-05
1210	6.5559931557101e-05
1211	8.392510193803109e-06
1212	0.00024019531929016225
1213	0.000489590270486823
1214	0.0002750102302546146
1215	0.0004046636644035925
1216	0.00014167294738785355
1217	0.0003865649443181117
1218	1.1219350037658683e-05
1219	0.000270108053182395
1220	0.00131740476188968
1221	0.0005843662597011715
1222	0.001397912767273366
1223	0.0016867372414664686
1224	0.0005963679107982929
1225	0.0001920442752587785
1226	0.00014414382859888875
1227	8.024813358558757e-05
1228	0.0005921193351991673
1229	0.00026735651709231944
1230	0.00021802937728069888
1231	0.00029600066928791826
1232	0.0012641168155937638
1233	1.2605809124255834e-05
1234	0.00020097472890265186
1235	0.0005102338500829638
1236	0.0010573685787701134
1237	0.0007621728217594428
1238	0.0023143781385226124
1239	0.000547187974034456
1240	0.0016798148428448358
1241	0.0004575506673273061
1242	0.0008319064862819531
1243	5.937044402817626e-06
1244	0.0006058733463033357
1245	0.0005547343737418386
1246	0.000637045288869082
1247	0.000248037946324436
1248	0.00020272579726872137
1249	0.0007624366381298648
1250	7.052182417043254e-05
1251	0.0003029964643354991
1252	0.0003932396090405858
1253	0.00024717780374251006
1254	2.4016972124599757e-05
1255	0.0007365488299923858
1256	0.0012911747202095352
1257	0.00010655210652410106
1258	9.755378674882765e-05
1259	0.0023115246190087264
1260	0.0001769712906545413
1261	0.00010563125422248534
1262	0.0004412715350049975
1263	0.0009978580192854525
1264	1.621461223407018e-05
1265	0.001190672738264422
1266	0.00011817442221173644
1267	2.1147481539044393e-05
1268	0.0006269789375943167
1269	0.00037458033421188414
1270	0.0009823679281617346
1271	0.0008776845165753092
1272	1.5591823678319063e-05
1273	0.0007543278133962047
1274	0.0004842894462359074
1275	2.830029184837614e-05
1276	0.0006761634424606501
1277	0.0015494088767320944
1278	0.0
1279	2.300694397221405e-05
1280	0.0001252030686959062
1281	0.00010049900057921257
1282	0.0004375976982369448
1283	0.00017545342609294302
1284	9.546299769058355e-05
1285	0.0004092265406013533
1286	0.0014254788346135631
1287	1.5497596810121828e-05
1288	0.0005517957726798654
1289	0.0006166351463177082
1290	0.0002123895799172415
1291	4.265878926348345e-05
1292	0.0002792005667079103
1293	4.767342604093238e-05
1294	3.621748917396701e-05
1295	0.0005833395527071246
1296	0.00011227916400967501
1297	0.00020985522604577718
1298	0.00016445315388500566
1299	0.00024051107857007658
1300	0.0004957338053086972
1301	4.354828896532667e-05
1302	2.464508423805066e-05
1303	0.00037219267414267634
1304	0.00023861055845490956
1305	0.0002889412491269116
1306	0.0009902541382340521
1307	0.0008072415048933316
1308	0.002025892626144343
1309	0.0002443022207661286
1310	0.0008356077606000514
1311	6.946323485224256e-05
1312	5.16265661899994e-05
1313	0.0
1314	0.0013209799686583054
1315	3.0379412190070038e-05
1316	0.0007201115673996408
1317	0.0001125214618273168
1318	3.299616004157255e-06
1319	0.0005503246431546321
1320	8.693006369579256e-05
1321	2.7880636667242253e-05
1322	0.0008518935688456538
1323	4.088896925247235e-05
1324	5.323056202157575e-05
1325	2.3631360896993416e-05
1326	0.0004597609175732426
1327	0.0003236600366264345
1328	0.0005562069566775506
1329	0.00034025550105235713
1330	0.001149037316521127
1331	2.857013840517444e-05
1332	0.0020009414531145333
1333	0.00272197459208126
1334	1.1930588855886252e-05
1335	0.0008988279079582773
1336	4.2712813988797624e-05
1337	6.37194280545233e-05
1338	0.0007529470185077328
1339	5.597754842033795e-05
1340	1.3618516021977597e-05
1341	0.0004067701165639637
1342	1.3207811396111532e-05
1343	0.00011275387322244463
1344	0.00020871639010925806
1345	0.0004597310890263764
1346	0.0006076435482687973
1347	0.00020598613869196892
1348	0.00028463578460717116
1349	0.00036154431600053964
1350	0.0015322030556957817
1351	0.00034266707853469974
1352	0.00023117717564678162
1353	3.719199117953041e-05
1354	0.0003615767373014011
1355	0.00023508128583168966
1356	8.782486257328135e-05
1357	0.0003280622545881363
1358	2.083129894024949e-05
1359	0.0013418054936540846
1360	0.00014426926195709548
1361	0.0002749862339441634
1362	0.0001679312811649131
1363	0.0003821765218003518
1364	3.640529337903408e-05
1365	0.0016418877358359246
1366	0.0006025721561946666
1367	0.0005050589372615653
1368	4.3156458219836415e-05
1369	0.00030650199551271473
1370	0.00037397216375899527
1371	0.00044545958035773674
1372	0.000926542381788728
1373	4.7632618913194404e-05
1374	0.0003763232178866113
1375	4.43411848453732e-05
1376	0.00010856376272291973
1377	0.00040937565919957775
1378	0.0001873716811241235
1379	0.0004399777547373387
1380	2.5416480591735416e-05
1381	0.0006221434598435061
1382	0.000157843361015963
1383	5.8344553597628414e-06
1384	0.0002285782410679709
1385	0.0002926519486448941
1386	1.896137336146548e-05
1387	0.0005774675730965284
1388	7.205259533740959e-05
1389	0.0003454630587761811
1390	0.00010194055759300306
1391	4.570191665818461e-05
1392	5.9596147357304625e-05
1393	5.8373777899987574e-05
1394	0.0002210559427905466
1395	0.00010214288111226134
1396	3.8903215624386906e-05
1397	0.0004717313177567051
1398	7.447245336386992e-05
1399	3.883614379116105e-05
1400	0.00019458414491748964
1401	0.0
1402	0.0013418591446707141
1403	0.0002924563456225724
1404	6.57107208256629e-05
1405	0.00031961063288783704
1406	0.0005014105970762901
1407	0.0017903257151281582
1408	0.0004226133826790528
1409	3.5319017571497035e-07
1410	0.0024968753558485116
1411	0.0006946500820283564
1412	0.00010827992248698682
1413	0.00011986205031714665
1414	9.380468480823564e-05
1415	0.00017587857683447819
1416	7.475306154458349e-06
1417	5.8645510739315774e-05
1418	2.6229500743962573e-05
1419	0.00023606428454891597
1420	0.00019902977840298417
1421	0.00012871231902163288
1422	0.0005947308731864485
1423	0.00039750758384524425
1424	1.667543085371267e-05
1425	0.00015859345125134554
1426	0.0007005442444837646
1427	0.0006126970137592107
1428	0.0008007141608479802
1429	0.00017935827841050183
1430	0.00012599094888230737
1431	8.304205661795733e-05
1432	0.0006604778360285248
1433	0.0007031889358061173
1434	1.4299617392932136e-05
1435	0.00030520212563846266
1436	0.0004246791335211462
1437	2.5454990181770792e-05
1438	6.535386181489555e-05
1439	0.0002215171596019664
1440	0.00019585458145097837
1441	2.86554294772153e-06
1442	0.00013644044969823263
1443	0.0006008601121806179
1444	0.00014247990670237
1445	0.000976708670427991
1446	6.227891711954824e-07
1447	0.000315813551798611
1448	0.0002562872270971194
1449	0.00046226350033366445
1450	0.00038201195153754285
1451	7.547194804043797e-05
1452	0.00023772075254018899
1453	0.00012091573065641668
1454	7.231079028508408e-06
1455	0.00011653948295662711
1456	0.00038583120473234046
1457	1.7727984944994672e-05
1458	0.0002985488049235756
1459	0.00027308626201865755
1460	0.0017932818128049788
1461	3.106892470099055e-05
1462	0.0003114392376148463
1463	0.0002395098943458454
1464	7.761476472467429e-07
1465	0.0001629602254747976
1466	0.00034757103971779044
1467	5.569747854271363e-05
1468	0.0003349470141421288
1469	0.0002890892136428247
1470	6.713776411834159e-05
1471	8.722719943568949e-05
1472	0.000366016985650566
1473	2.1523977480486053e-05
1474	0.0001248650329964509
1475	2.4784450483115548e-05
1476	0.0005673042736888262
1477	0.0001525120246467874
1478	4.918362263230154e-05
1479	0.00026230093554347193
1480	3.273634763089969e-05
1481	4.23507693406068e-05
1482	7.467203076739335e-05
1483	0.0011672115409505723
1484	0.0007527581616745974
1485	0.0012466753272516015
1486	0.00019972676615838622
1487	8.444174889938422e-06
1488	0.0031340227973487536
1489	0.00043887461154347603
1490	0.00046978659228301243
1491	0.0008622931689272989
1492	6.609588567643072e-06
1493	0.00022251073092472042
1494	0.0002533622655085342
1495	6.870856179671332e-05
1496	6.734258443756882e-05
1497	1.4728302156473156e-07
1498	0.0012893561490690904
1499	0.0019329755048152
1500	2.9455158748079283e-05
1501	0.00045131205328726066
1502	0.00014998079445374774
1503	0.0006897648482264996
1504	0.00021662720615757804
1505	0.00010989956551507192
1506	0.0006073908310398829
1507	2.76828545592103e-05
1508	8.632881250219217e-05
1509	0.00022179153129551902
1510	0.001237153950027282
1511	8.203982987460424e-05
1512	0.0007229276361485952
1513	5.935101892892427e-05
1514	0.000413837816002904
1515	5.037035995876124e-05
1516	0.00044525843846037464
1517	0.0005610529439155569
1518	0.00013095562556455551
1519	0.0008940106472592043
1520	0.0012759470439861849
1521	8.552527179528614e-05
1522	0.0011818741100911654
1523	0.0003468067273853397
1524	0.0002749663281970365
1525	0.000152664837500862
1526	0.0006818008957058975
1527	1.9666046195564712e-05
1528	0.0002428477232311315
1529	0.0008239238865090199
1530	0.0004454146727711194
1531	4.5229938395926757e-05
1532	0.00010515686038456026
1533	4.1706658880666495e-05
1534	0.000339953779706003
1535	0.0008264042629811334
1536	0.00018107782528935462
1537	0.0031406829043533297
1538	9.333272039129023e-05
1539	8.285335485897185e-05
1540	4.361732963959735e-06
1541	0.00013048055655230976
1542	3.1184573938285635e-05
1543	0.0014070270604948569
1544	0.00025260321011372
1545	0.0008848578639965255
1546	0.0007981385758403391
1547	6.05582634157563e-05
1548	0.00031090959372053346
1549	8.761171855002251e-05
1550	7.77617256309634e-06
1551	0.0008164229480444417
1552	0.0005063049673453966
1553	0.00020708669902117673
1554	8.117853860709923e-05
1555	0.00010969470182361146
1556	0.0005047037957238476
1557	0.00023662204767309488
1558	0.00030412708892899574
1559	2.8224687611881204e-05
1560	0.00028406310858106735
1561	1.3429105763138732e-07
1562	5.44678876797397e-05
1563	0.0011940676319642325
1564	0.0008486208186512992
1565	2.8045096407819326e-05
1566	3.1613266077487807e-06
1567	0.00042908110545475695
1568	0.00010075843261822481
1569	0.00010108983898736929
1570	3.3025568176405304e-06
1571	0.00012370561196978002
1572	0.000275037739384726
1573	0.0002821019434363129
1574	0.000266924090251805
1575	0.0001045189189062252
1576	0.00017583615597394504
1577	0.0002397840524033357
1578	4.315621259068774e-05
1579	2.8037805099361855e-05
1580	4.3482663753611495e-06
1581	1.1785502158908856e-05
1582	8.692382490526918e-06
1583	1.690645131145361e-05
1584	1.7434591744159653e-05
1585	0.00018373936649644946
1586	0.0009159897460647303
1587	1.5870355928463324e-05
1588	0.00015001767139020855
1589	7.3521520749607015e-06
1590	0.0002682094541364672
1591	0.0003570269148855151
1592	0.00028579405879184376
1593	4.235835117163342e-05
1594	0.00029630794631375717
1595	0.00013785838251883866
1596	3.9114969778582715e-06
1597	0.000476207390085271
1598	0.0004907867367690494
1599	0.0003752839975800632
1600	0.001176109779548709
1601	9.661507391783665e-06
1602	0.000327435930801444
1603	1.2139499474709255e-05
1604	0.0008200425007629752
1605	0.00028945647384446405
1606	0.0011519165236900015
1607	0.0003863435677623428
1608	0.0001243253327238975
1609	0.000305829288766459
1610	4.1884258707594756e-05
1611	1.1115801550223994e-05
1612	0.0012465382354983029
1613	5.4927664988602186e-05
1614	0.00019083215759653233
1615	0.0006916758918789482
1616	5.0933166854928815e-05
1617	9.609723639208102e-05
1618	0.00015111865563894456
1619	0.00015037171363786725
1620	2.9506416773858696e-05
1621	0.0005405558047039369
1622	0.0008367966194060735
1623	3.4437653282247464e-07
1624	6.223597126803252e-05
1625	0.00012191589939215228
1626	0.00015087240352527475
1627	0.00015391106759919418
1628	0.0014994677421211466
1629	9.743718595426881e-05
1630	0.00023455781416644039
1631	0.0001164571863598157
1632	0.0008200739356491662
1633	0.0005631259632144171
1634	0.0004109330119358121
1635	0.0009505858682895156
1636	0.0002406610358684396
1637	0.00027953088267349
1638	0.00013703437371920062
1639	0.000725885998949388
1640	0.0017758801434948391
1641	0.00023162965879206193
1642	0.00033292769950012
1643	0.0003607169828572389
1644	0.00022039417157212741
1645	0.0001685414229311723
1646	0.000651890921431769
1647	0.00042488161140405374
1648	2.8055632198391373e-05
1649	5.984934785756032e-05
1650	0.0002102717755523806
1651	0.0017040607574733027
1652	0.0002656462096793335
1653	5.0715062652398784e-05
1654	2.4477113016364513e-05
1655	0.0008349381607927124
1656	0.00013945155491139176
1657	0.0004782758023318365
1658	0.0
1659	0.00047719723757578793
1660	0.00010712608275105161
1661	5.510839159309858e-05
1662	0.000232391541644035
1663	7.599110916338778e-07
1664	0.0008658528607210417
1665	0.0006946227130431558
1666	2.0168444322149302e-05
1667	0.0002371097070982388
1668	2.1176879713888702e-05
1669	0.0002405896906987291
1670	0.00014204220625339668
1671	0.00023586989675324877
1672	0.0008963609755336773
1673	0.001789547787443469
1674	4.611713019411181e-05
1675	0.00036747835031063214
1676	0.00036477031246436736
1677	0.0003404059206488487
1678	0.00030296215804247417
1679	0.00020792173719403785
1680	4.946398479769601e-05
1681	7.898252700487649e-05
1682	1.6557713817076513e-06
1683	0.0003502820126981234
1684	0.0018470090843145752
1685	0.000479990882679241
1686	0.0005006002431269589
1687	0.0001973931493573157
1688	0.0013784453924768974
1689	0.00011663880862924104
1690	4.512600414861243e-05
1691	1.8690433674394074e-07
1692	1.8413028956256034e-05
1693	0.00013534785975560955
1694	0.0005423097716708179
1695	0.0002624963321737702
1696	0.0006323456151027268
1697	0.00029903604872777326
1698	0.0002486025387011999
1699	0.000280067191039723
1700	0.0013091038884066233
1701	0.0002744159660757087
1702	0.0003200798957411994
1703	0.00014394099217805617
1704	3.0466153296529503e-07
1705	3.0149116206399404e-05
1706	0.0002494489468734287
1707	0.0003627824994958307
1708	8.848785864634903e-05
1709	0.00015216149659056614
1710	0.0006772703455126934
1711	9.499618554352566e-05
1712	0.0004929022497544309
1713	2.2667501060664265e-05
1714	7.054057671408191e-05
1715	0.00016447464662171517
1716	0.00010557887049834186
1717	0.0014668010082668364
1718	3.5606258126799175e-05
1719	0.00015106688698352604
1720	0.0003860086817615856
1721	0.0003811975639025222
1722	7.056085700067866e-05
1723	0.0006488277752655144
1724	0.0003818317643574778
1725	0.00024057102259289758
1726	0.00138453421304062
1727	0.0006872847355598046
1728	0.0002086213750734045
1729	4.131503437146733e-05
1730	6.074563103435394e-05
1731	5.199362165152015e-07
1732	5.194224860523609e-05
1733	2.725956154879404e-05
1734	0.0004900857806290587
1735	0.0009522060499824313
1736	0.00044454285172727023
1737	0.0008789256475098723
1738	0.0003154384619503303
1739	0.0014035314391639432
1740	0.00016861099715936552
1741	6.594805052264508e-05
1742	0.000263405693193833
1743	3.445741763698352e-05
1744	0.00220704150112131
1745	0.00114041604921141
1746	2.525748220674445e-05
1747	0.00018777162342056248
1748	0.0002858834314546467
1749	0.00022934452105627197
1750	8.168526808218503e-05
1751	3.976876758772916e-06
1752	2.0904188768835322e-05
1753	0.0004276051849669588
1754	0.0
1755	0.0004337631674541219
1756	8.668594189779438e-05
1757	7.510050778068233e-05
1758	3.4111769085455703e-06
1759	0.00011419345638579445
1760	0.00010707870031599533
1761	3.482692918699412e-06
1762	2.5725758207648772e-06
1763	0.00014541631750521363
1764	0.0003547673382593234
1765	3.822568533202946e-05
1766	0.00035973115598350645
1767	0.0005354659799797531
1768	0.00029067639889779736
1769	0.0003706628375803051
1770	0.0002104930177130419
1771	0.0002611235919448431
1772	0.0006788030211183014
1773	0.00032798599276636194
1774	0.00043413804279200826
1775	0.00012586558882896352
1776	5.864811181800251e-05
1777	0.0001511999457301004
1778	9.983238040880062e-06
1779	0.0002509339484816597
1780	0.0006204528074736666
1781	9.172062884127175e-05
1782	7.459151243899515e-05
1783	0.00042848094746711916
1784	0.00048303624750237873
1785	0.0001371663172585923
1786	0.00015400122863926935
1787	0.00038181851692252017
1788	0.00039051352923222813
1789	3.599825927572244e-05
1790	0.00023476983936198645
1791	0.0011201836989407287
1792	5.9238648609750596e-05
1793	2.4114641136281784e-05
1794	0.0007996402212976138
1795	0.0004933966409606806
1796	6.008667621612261e-05
1797	0.00014613164700036415
1798	3.378574588907825e-05
1799	0.0007112574596904569
1800	0.0002780742280458928
1801	4.0636458525904734e-05
1802	0.0004544140692833444
1803	0.001126769575613638
1804	1.7560169058472312e-06
1805	9.709253203993073e-05
1806	4.159842843351686e-05
1807	2.9766650345447157e-06
1808	0.002517111847252906
1809	0.0001486370505920009
1810	0.00043085089638473037
1811	6.665100520609378e-07
1812	0.00020201456548698242
1813	0.0009771469201638396
1814	0.0005579290437079652
1815	8.737820207360982e-07
1816	0.0006778434078232474
1817	1.621004461473207e-06
1818	2.2982884050616784e-05
1819	0.000707599751088675
1820	7.521580860970756e-05
1821	0.0005180740522472769
1822	3.7090889663265555e-05
1823	0.00017669208751094982
1824	0.0004856341458402062
1825	4.8335000105083704e-05
1826	0.0002206140982760156
1827	0.0005444815670343278
1828	1.3435333978947331e-05
1829	0.00014456275194762113
1830	0.00028138261533028694
1831	2.4365650256130352e-05
1832	6.566324700372418e-05
1833	0.0006481876930501993
1834	0.0002622903605610229
1835	1.1145268450718438e-05
1836	0.0004203875897221079
1837	5.769632060895724e-05
1838	7.489536379026685e-05
1839	2.643786214801453e-05
1840	0.0005442862501039921
1841	6.589837951067665e-05
1842	0.0004098549737861047
1843	0.00011619365073313112
1844	0.00019920806378769795
1845	0.0003049457606812124
1846	0.0004192610338517296
1847	0.00018048840842953132
1848	0.00029119912315933046
1849	0.0009581293313567555
1850	0.0011068432572950728
1851	1.1426521599564187e-05
1852	0.000234654819937819
1853	0.00022771004368972556
1854	2.776727602296352e-05
1855	0.0007502074698821294
1856	3.2192878097742176e-05
1857	0.00020264878481945738
1858	0.00010882457779911017
1859	0.0003368866882792027
1860	0.0003064238486438454
1861	0.00027374459110048
1862	0.00019895704481503136
1863	0.00010805945996230199
1864	1.8185193792952022e-05
1865	2.025750435140478e-07
1866	7.625982506042504e-05
1867	8.144657222004878e-05
1868	1.453057582221482e-05
1869	0.00019405383724710752
1870	1.6466310354164505e-05
1871	1.525076437404975e-05
1872	1.7546233113941658e-05
1873	3.0223761281054416e-05
1874	0.0009638655006277004
1875	0.0002436620953066091
1876	0.00013571848134901032
1877	0.001221435328469201
1878	0.00013053328955834513
1879	5.090166411030639e-05
1880	0.00017829217904903114
1881	0.0001444154713837774
1882	0.00016962661454442073
1883	0.0002950690091132487
1884	0.0005026809861022983
1885	0.0003144892176310787
1886	0.00011647178265156925
1887	0.000267674077022364
1888	0.0006450150112754297
1889	6.038466915547215e-05
1890	4.144414824833309e-05
1891	6.499824941052799e-06
1892	9.421377933128525e-06
1893	1.3581044174628659e-05
1894	0.00046053275213633394
1895	0.00015814833704121402
1896	0.0004544696464834856
1897	6.287657537195224e-05
1898	0.0005871111632617801
1899	0.0003270390102305445
1900	8.362451933310164e-05
1901	0.000252891928224479
1902	6.205641490906951e-05
1903	6.898804932459266e-06
1904	6.000555616125681e-05
1905	0.00014624847103202358
1906	1.2126517866907321e-05
1907	0.00024816965674560475
1908	0.0001716056810322985
1909	0.0003740505529520455
1910	0.0005774150308879487
1911	7.908428102203428e-07
1912	0.0010859911384507313
1913	6.717343949466698e-05
1914	2.959401215848974e-05
1915	9.200417297576453e-05
1916	3.2428369542406824e-06
1917	6.395811510140187e-05
1918	1.2474479989109581e-05
1919	0.00028044233928193934
1920	2.0730518215040957e-06
1921	0.00031186783890692517
1922	3.358580292308133e-05
1923	7.256195579776523e-05
1924	0.00027957128500728096
1925	0.00021380902118394254
1926	0.0008368027327673962
1927	4.1627247168677974e-05
1928	6.663638982691702e-05
1929	0.0004437130003720741
1930	0.0005484436064539167
1931	0.00019745320853818736
1932	1.4644958158019907e-05
1933	1.1663229104683343e-05
1934	0.00015570067554145726
1935	0.00015741144818171875
1936	0.00030934401127903865
1937	6.069615346266969e-05
1938	5.7055399700868115e-05
1939	4.369060639279717e-06
1940	0.00027238612107365593
1941	0.0005127019570138097
1942	7.130931601403176e-05
1943	0.00039841242636354333
1944	0.0004479932142431405
1945	9.6816995278945e-06
1946	9.056035913470681e-05
1947	0.00029135958771671404
1948	7.652057603562525e-05
1949	0.0002671346046053216
1950	0.0006131955761419484
1951	1.969304472048141e-05
1952	0.00023540716139662483
1953	0.00017416257265330436
1954	0.0007269951840719005
1955	0.0001338746290087346
1956	0.00018370939572626236
1957	0.0013950480173524327
1958	0.00026397524923147184
1959	6.465003272473137e-05
1960	8.786097330793791e-05
1961	0.00028165015853769246
1962	0.0003056874298246971
1963	3.35811912628719e-05
1964	0.0009640451821668162
1965	6.927751871809884e-05
1966	4.7675014806363844e-05
1967	9.572283803270665e-05
1968	0.00026500395069623054
1969	0.0006602076034673732
1970	2.2645810745991773e-05
1971	0.001137522915617484
1972	0.0003369169596934844
1973	0.0006812184855080466
1974	0.00017991482534064794
1975	8.247135423075499e-05
1976	0.00027185572761994996
1977	0.0005145841506474275
1978	0.0005559885156299342
1979	2.218033269831555e-05
1980	0.0005398978316100756
1981	2.8562182188263413e-06
1982	8.890562111540064e-05
1983	0.0020043411563726216
1984	6.303048240408965e-06
1985	0.0005065822286672901
1986	0.0001107448490730987
1987	0.00043802710481759705
1988	6.390259971108546e-05
1989	0.0002743869093618473
1990	6.202052733853065e-05
1991	0.0005572325717981905
1992	0.00026472986816189064
1993	0.0002807343077983603
1994	0.00030818298905797696
1995	1.2186678110751482e-05
1996	6.93616987094049e-05
1997	0.0
1998	0.00019958865364502577
1999	2.2296064688197132e-05
2000	2.9349434485063335e-05
2001	0.00031181926025391723
2002	0.0007054862628427613
2003	0.0002587407448270835
2004	1.3345543273568402e-05
2005	0.00018317741835371693
2006	2.889084285612222e-06
2007	9.562739481724516e-06
2008	0.00016684014797115299
2009	3.18463575003638e-05
2010	0.0011736873113826168
2011	0.0007066264205380339
2012	0.00019059862233963666
2013	0.00014675143845543817
2014	2.1546413613203237e-05
2015	0.0001115266983428038
2016	3.155496120928844e-05
2017	0.00046170978837519134
2018	8.20951456485907e-05
2019	0.0007085499508127814
2020	1.2597923092186302e-06
2021	0.0001470920833314297
2022	0.0016378427093484318
2023	0.0002753416928875768
2024	0.0005323159215920051
2025	0.0004745997748052024
2026	0.0008964920310602566
2027	1.1195713221059313e-05
2028	3.568552679569389e-05
2029	1.9560328153323643e-05
2030	0.0012774894187641518
2031	7.931763426769247e-05
2032	1.7611478045516558e-05
2033	0.0004772081869982306
2034	0.00015596672138586945
2035	1.2196323877880673e-05
2036	0.0009950349844116686
2037	0.0003425249303191262
2038	0.0002801879864808067
2039	0.0005991799097962234
2040	0.0003833939169054524
2041	9.278597028469373e-06
2042	8.679056117949869e-05
2043	0.0003212684266522142
2044	0.00035706724653832207
2045	6.85563082205441e-05
2046	0.00029492700891590936
2047	2.186830660453921e-06
2048	0.003227310549024978
2049	1.2181433665265022e-05
2050	2.6481416369086896e-05
2051	5.323742674792187e-05
2052	0.00014965020671879977
2053	0.00029172421967117094
2054	7.537326549693818e-05
2055	0.00036240958022254623
2056	0.0002419442683913008
2057	5.0609485614553706e-05
2058	0.00023502249379278342
2059	9.814190816818658e-05
2060	0.0005527517086185763
2061	1.8163982586071503e-05
2062	4.479179012445498e-07
2063	1.9153898786641342e-05
2064	0.00017711715067423515
2065	0.0010064273276136444
2066	0.00015053401540859114
2067	8.418904476877009e-06
2068	0.00013842188508433276
2069	0.0006123120327066491
2070	0.0002890646156353459
2071	3.340608409065057e-05
2072	0.0003121091842284032
2073	1.4989119678948912e-05
2074	0.00130621293615877
2075	8.727217275941814e-06
2076	0.00010554246429136179
2077	4.476212398619745e-05
2078	0.00019953790654842933
2079	0.00029831143508536265
2080	6.20962324439238e-06
2081	0.00017102322918685045
2082	0.00018087099422815783
2083	0.00029196785151653883
2084	0.0008739029759638141
2085	0.00024394367696315274
2086	5.310571686036901e-05
2087	0.0010039351852910523
2088	3.152596010139119e-05
2089	0.0005343564249467051
2090	0.00014627082050025752
2091	1.47683500751599e-05
2092	7.588290800615891e-05
2093	3.506877133913366e-05
2094	0.00020730917717952778
2095	0.00014560875829941364
2096	0.000924727247928003
2097	0.0002579950478801503
2098	2.254970889325402e-05
2099	3.948414247054615e-05
2100	0.00014818543624437066
2101	0.00023225573419445654
2102	0.0001840127805554674
2103	0.0006811607277034303
2104	0.0003352072596398611
2105	0.0002133869887844356
2106	0.00018193147592178324
2107	5.205769180226722e-05
2108	0.00023705682526482585
2109	0.00019257273329778522
2110	0.000668269995822536
2111	8.650055404254718e-05
2112	0.0004581227238068684
2113	0.0004308009684579959
2114	0.0005072773238228864
2115	0.00012728129228066758
2116	0.0001606927192003975
2117	9.449870460222099e-05
2118	0.0010795676055256672
2119	0.00014590895054541756
2120	0.0002734411480536114
2121	1.8080184328063595e-06
2122	5.276291204008853e-07
2123	0.00034880134542889137
2124	0.0001775537976196203
2125	1.0503021336201451e-05
2126	0.00011022315200231922
2127	9.890640739152253e-05
2128	0.0006655454396311526
2129	0.000137038078289272
2130	6.311972973004374e-06
2131	0.0011191032368853542
2132	0.00043233005674889137
2133	9.61579417413026e-05
2134	0.000236169197479715
2135	0.00011896865315778996
2136	0.0005538038647644595
2137	5.6601015656241314e-05
2138	0.0015373601498259713
2139	1.5298379704498483e-05
2140	0.00010491203462542716
2141	1.874652694747384e-05
2142	0.002301986948785618
2143	0.0001372703909520611
2144	0.0003785184565287557
2145	5.521785564552978e-05
2146	0.0002022332869879228
2147	0.0001083659017865904
2148	0.0003627609982279291
2149	1.54145892542121e-05
2150	2.781264166779501e-05
2151	0.0006645335647393356
2152	0.00022440940610464873
2153	3.699607414487578e-05
2154	0.0008133770568805157
2155	9.94102727383842e-05
2156	0.0007854010913863025
2157	0.00025268207982605603
2158	0.0005614757119667471
2159	5.42766279551461e-05
2160	0.00024481251150677575
2161	9.205725490812867e-05
2162	0.0006188680143679766
2163	0.00029181322719670696
2164	2.2465063236449666e-05
2165	4.214244455109147e-05
2166	0.0002681649465106111
2167	3.9942342724873e-05
2168	0.00010525372550525176
2169	0.0003025061835753076
2170	0.00016372336974486974
2171	0.00030757185028424213
2172	0.00024297392791498623
2173	0.00021754987306901757
2174	2.7642148660104572e-05
2175	0.0003358635960219575
2176	2.374994456317732e-05
2177	1.2663461630973055e-07
2178	1.1428192848782675e-05
2179	0.0001283237708318003
2180	0.0002554528284427818
2181	0.00032442840875727903
2182	1.451574641173404e-06
2183	9.864028179491556e-06
2184	0.00017071669516536487
2185	2.968559299447193e-06
2186	0.00014522544495848978
2187	0.0002641596753802057
2188	4.618722929254888e-05
2189	0.0008478866299230503
2190	6.313297004689126e-06
2191	0.0001405737440146157
2192	7.557138925921605e-05
2193	1.2754808135412542e-07
2194	1.454757305673346e-05
2195	5.581403490143089e-05
2196	0.0007149307766878322
2197	0.0
2198	0.0004586635358463504
2199	7.157000389151911e-06
2200	5.6588269236033615e-05
2201	0.0002080861802509833
2202	4.9860519478466544e-05
2203	0.00024849354585323004
2204	9.684734505870927e-05
2205	4.54811068520772e-05
2206	0.000556385967369042
2207	0.0001889511087730911
2208	4.951988635693988e-05
2209	7.056149357051576e-05
2210	1.6815094642097223e-05
2211	0.0010092131577882114
2212	0.0004443687354773373
2213	5.754536879533404e-07
2214	4.369371829818271e-05
2215	0.00013649521587334355
2216	5.951921761659717e-06
2217	0.0002172986970800187
2218	8.052698686060346e-06
2219	0.0
2220	0.0003541760987168002
2221	3.444955050533519e-05
2222	0.0001262870631122831
2223	8.911666237843905e-05
2224	9.317895118474481e-05
2225	0.00031254545215167413
2226	0.00010695391473815275
2227	0.00012331164054784523
2228	5.164257654799484e-05
2229	0.00023622502768516016
2230	0.00029652293702790255
2231	3.291624927007448e-05
2232	0.0002760162501115889
2233	0.00041566274110398354
2234	1.1691702137588546e-05
2235	2.338126286152607e-05
2236	0.00018563841136830695
2237	2.051562624707961e-05
2238	0.00014150732177728393
2239	5.709306601412791e-06
2240	0.0001011816774303158
2241	3.8901277163941774e-05
2242	7.721380214864676e-05
2243	0.0001937650840813004
2244	0.00030771473364117125
2245	6.520512139604573e-06
2246	1.6205456751544838e-05
2247	0.00032507669998816833
2248	0.0001351990498718878
2249	0.0006232366039509425
2250	4.186464524292538e-05
2251	0.0005630296047293029
2252	0.0001424562375449983
2253	0.0002619882762238304
2254	4.730913647089931e-06
2255	1.1179425706376738e-05
2256	8.623202964776017e-06
2257	3.5650512608894506e-05
2258	2.033926371687956e-05
2259	0.00014954518692041226
2260	0.00011971012433743799
2261	6.434548183273352e-05
2262	3.7187049801136164e-05
2263	5.012682725654522e-05
2264	1.272855192070313e-05
2265	0.0003623342586597919
2266	0.0001285820587944367
2267	4.1421635044413284e-07
2268	3.8097076187278794e-05
2269	1.0645856943229416e-05
2270	0.00015086089437634187
2271	0.00016055268515054942
2272	1.4370170582547217e-05
2273	5.889271955898574e-05
2274	9.57965892478315e-06
2275	0.00042438312360297943
2276	3.067841592538297e-05
2277	3.7017420817740885e-05
2278	0.00044618356304888107
2279	0.0002456564590357339
2280	9.518005690252309e-07
2281	4.820468621603935e-05
2282	9.458964698662677e-05
2283	0.00019430350571711115
2284	0.00023522999109940192
2285	0.00014759985071208882
2286	2.374257368748917e-07
2287	3.4623089048795685e-05
2288	4.261581751301003e-05
2289	2.7617573419663308e-05
2290	0.0001364678743652914
2291	0.00017836230653181975
2292	0.0015704937855084728
2293	0.0
2294	0.0003689603894860072
2295	2.396296968358314e-05
2296	4.1025917006603316e-05
2297	9.739752046068008e-06
2298	0.0007812652118857284
2299	0.0009522670889109036
2300	3.0363894891552226e-05
2301	0.0005747321245155827
2302	0.0004643593197111431
2303	0.003251607465534495
2304	0.000319248569437839
2305	9.729984985402467e-05
2306	6.799622493644228e-05
2307	7.953971374592834e-05
2308	0.0001948677098147079
2309	0.0002719852976206938
2310	0.0
2311	0.0001582885825787182
2312	0.00011851291616031908
2313	0.00024495283404475275
2314	0.00017141099818160458
2315	0.0001925560856022631
2316	5.3223021352044056e-05
2317	0.00021531570987021908
2318	0.0002824923410050797
2319	0.00025580524510372904
2320	0.00031986976467134797
2321	0.0006985379978886632
2322	2.948048966968994e-06
2323	0.0001240037505018282
2324	1.2901348264725988e-05
2325	0.00012540788194790586
2326	3.021890486973769e-07
2327	8.285348001337602e-06
2328	1.701227942698486e-05
2329	0.0001608600917491293
2330	6.038415138921601e-06
2331	0.0002656291722430495
2332	5.124508576976749e-06
2333	2.036298029633703e-06
2334	9.55133987150671e-05
2335	0.00012992505868546618
2336	0.00042452816289100214
2337	0.0003003675535758901
2338	0.0008393641787254457
2339	1.1549976136974739e-05
2340	0.00014244007646752418
2341	2.8089310085850912e-05
2342	1.444551368087302e-05
2343	2.0014875542039738e-06
2344	0.00041788652623895396
2345	1.3621437763508567e-05
2346	0.0001074837708952142
2347	3.676482956818685e-07
2348	0.00014586589449117762
2349	1.5190476225434235e-05
2350	0.00024101262408401052
2351	8.774273365577155e-05
2352	0.001486052078909537
2353	0.00031085740382467254
2354	0.00022309186253627395
2355	0.00010802408000548392
2356	0.00017490156788115872
2357	0.00010788706787473431
2358	0.0006080928163386276
2359	0.0004340661410145929
2360	1.1437109606073848e-05
2361	0.00020280707921104766
2362	0.00015196927089474
2363	2.8161190163099233e-05
2364	8.934225017777479e-05
2365	0.0007566039990631878
2366	0.0008011477651165388
2367	1.946786778642854e-05
2368	2.4880307148311507e-05
2369	0.0004632665375449316
2370	0.0
2371	6.212304240036416e-07
2372	0.0001937583784876371
2373	0.00046490068130737523
2374	0.0005834238285887182
2375	9.175929623607678e-05
2376	0.00019886217492672334
2377	7.92896239180904e-05
2378	4.640226391936137e-05
2379	0.00016879485049498566
2380	5.4848720229861164e-05
2381	0.0001190480241961046
2382	0.0001475689166798745
2383	0.00021881311557595093
2384	0.0009226960652695955
2385	0.0002525488850913277
2386	0.00022756855901546593
2387	0.0001240849382957332
2388	0.00012002991532677817
2389	0.0003333789128168998
2390	0.00013194360892271727
2391	0.00034865296461987727
2392	0.00017448366582120968
2393	4.354158341016452e-05
2394	0.0004765742749272938
2395	3.7832134992573506e-06
2396	0.0010225881706710687
2397	0.00035053613203848397
2398	0.00041317967760610947
2399	2.357706773580592e-05
2400	1.6390660724591197e-05
2401	0.0004938008558782425
2402	6.731927132240947e-05
2403	0.000412592142513485
2404	8.242626376324326e-05
2405	6.737391428593908e-05
2406	0.0
2407	8.234798928950791e-05
2408	0.0003103187948470469
2409	0.0017998097721818557
2410	0.00012188019858235216
2411	0.0002901411541069471
2412	9.826050182683318e-05
2413	0.00020626634228844643
2414	8.325331051884007e-07
2415	7.945577376078128e-05
2416	3.951169136313916e-05
2417	0.0009475429758438284
2418	6.106869023542886e-05
2419	0.00022768917228655622
2420	0.0001810406643356915
2421	0.000502865865204602
2422	6.240199726003149e-05
2423	1.0667158064462984e-05
2424	0.00025584101199693825
2425	3.254647675105538e-05
2426	5.357608036489484e-05
2427	0.00047834424219576357
2428	7.579477235806283e-05
2429	6.270641613732164e-05
2430	0.00024048959065488888
2431	0.0003153994674736377
2432	0.0
2433	0.00017490637794034572
2434	6.159583407749495e-05
2435	6.123622211196991e-07
2436	7.80293796262611e-06
2437	0.000570366914029545
2438	0.0005257186662547909
2439	8.505449195026728e-06
2440	1.7593251502490836e-05
2441	7.720230612782013e-05
2442	1.4478374328956215e-05
2443	0.00036857039695016754
2444	0.00022710013654718978
2445	3.0748048339993356e-05
2446	5.004865919448966e-05
2447	2.886842054978231e-05
2448	0.00026626974891303995
2449	0.00013349825733123256
2450	7.396961479646733e-05
2451	1.6365537347614619e-06
2452	0.00025267522453346425
2453	0.00020593877497748748
2454	3.4169810214916647e-07
2455	1.971556900630535e-07
2456	0.0004842183419029113
2457	0.0003740849682752363
2458	0.00019706867940861975
2459	1.0532931063991803e-05
2460	6.957789141511144e-07
2461	0.00024956386733086025
2462	2.3634282011971905e-05
2463	0.00046663593052502235
2464	0.00041492907585544803
2465	0.0012936169788860174
2466	0.0002678288044334356
2467	3.156143506940578e-07
2468	0.0006036699360865329
2469	5.5300936383828836e-05
2470	9.464535533747122e-07
2471	9.228808511997127e-05
2472	0.00024471710763668394
2473	3.871508567698052e-05
2474	6.477723334107969e-05
2475	0.00012467915236819666
2476	5.034433080535973e-05
2477	5.95255551900276e-05
2478	8.145972677071168e-05
2479	7.001474131423555e-05
2480	7.79034924953263e-06
2481	0.00012056584237525518
2482	6.788862740606583e-05
2483	0.0008999995676784152
2484	0.00016508932483843164
2485	6.169884265049452e-06
2486	4.722569166271344e-06
2487	0.00019851171443885891
2488	0.0009737483476888345
2489	0.00012289200851559552
2490	0.00019596236355746394
2491	0.00014054056540060834
2492	0.0006112437371521502
2493	0.0
2494	2.9349052324441973e-05
2495	1.3642455689375354e-06
2496	0.00011621009436913652
2497	9.098578570363088e-05
2498	1.4723762554243628e-05
2499	1.5981152509623184e-05
2500	0.00031460763594429614
2501	0.00015852846417721932
2502	5.095557955453067e-05
2503	0.00015845168362194602
2504	6.127652767830429e-05
2505	4.369993131465557e-06
2506	3.1154824165921017e-06
2507	0.0
2508	0.0003145210820081061
2509	0.0001522180205393461
2510	0.00022021037148597396
2511	0.0008999487207533183
2512	0.00027795181890148674
2513	2.6187621073221572e-06
2514	9.356937853199854e-05
2515	0.0007867635667919284
2516	3.0362189705038436e-05
2517	0.0009469338440671085
2518	2.4374062239364416e-05
2519	8.362268959882678e-05
2520	2.5792100179853477e-05
2521	0.0002011699735328186
2522	0.00014605684265323187
2523	2.5841561152335613e-05
2524	0.0
2525	2.759682872766231e-05
2526	0.00046268497730560563
2527	5.553989483164104e-06
2528	0.0
2529	0.0003163533334572057
2530	0.00046257564544413933
2531	0.000227826298474138
2532	6.465683860523843e-05
2533	5.558346393751554e-05
2534	3.884117330000294e-05
2535	0.00014285275687003307
2536	3.4848357892336246e-05
2537	3.430656317952459e-05
2538	6.282375567675382e-06
2539	6.578242518232331e-06
2540	0.0002474666067440631
2541	2.8214571418091243e-06
2542	2.9225108186789933e-05
2543	4.076567013617918e-06
2544	0.00022864682629405417
2545	0.000877253070276978
2546	2.2039245308012466e-05
2547	6.845643496033199e-06
2548	9.758322901591731e-06
2549	9.155858684807004e-05
2550	0.00027440294007995695
2551	3.099214514445981e-05
2552	0.0002143343102901
2553	0.00014812506566720524
2554	4.6929775738925316e-05
2555	0.0
2556	3.4126730732578035e-05
2557	1.1230586332116205e-05
2558	9.909455540525739e-05
2559	0.0002976505664508463
2560	1.917479855795466e-05
2561	0.00013793961318883498
2562	3.44593021067816e-05
2563	1.431036330549524e-05
2564	5.739701030200543e-05
2565	2.3360756018565437e-06
2566	0.000310830810846145
2567	4.850453721302281e-05
2568	0.0002680829774761462
2569	0.000404471661424045
2570	6.121373313639117e-05
2571	5.9358965098450385e-05
2572	0.0
2573	3.703044144701989e-06
2574	0.00040675064082903756
2575	4.402315772236066e-05
2576	9.709158921591944e-06
2577	4.05912586937488e-05
2578	0.0009389852422875366
2579	3.011955380909716e-05
2580	4.9313563976944823e-05
2581	0.00037790929373974016
2582	0.0008467581927829752
2583	0.00012737082609078396
2584	0.0009399513801167206
2585	1.2661706954582285e-05
2586	0.00010604243701742092
2587	2.7153611716054515e-05
2588	2.8756975239403702e-05
2589	6.237322011955744e-07
2590	0.00011640813804784861
2591	0.0
2592	1.6236097500795879e-06
2593	0.000790233892460877
2594	5.071039160455253e-05
2595	0.0006641150375938012
2596	1.377379512920387e-05
2597	0.0
2598	2.4543498305258024e-05
2599	0.0
2600	5.699794772577249e-06
2601	9.831338438242676e-05
2602	0.0
2603	0.000530565874318841
2604	2.5505002216382812e-05
2605	0.0
2606	0.00018876666595682076
2607	0.00010917722565396485
2608	2.6001244845795068e-05
2609	0.00022149142423599425
2610	0.0005275132538756147
2611	0.00012538391259274707
2612	0.0
2613	4.196118504956783e-06
2614	2.019709748302335e-07
2615	8.260999134629924e-06
2616	0.00028909480514924046
2617	4.6521669985530214e-05
2618	1.2666247458156475e-05
2619	0.0002573703903292709
2620	0.00013254216987999948
2621	2.6859223336924338e-05
2622	9.949875745085089e-05
2623	0.00010322452266888675
2624	0.00029264097450571705
2625	0.00012327415600583622
2626	3.99545378669785e-05
2627	1.4147300203397147e-06
2628	9.354237062422392e-05
2629	0.0015492498087838144
2630	0.0003024550503484567
2631	9.229352669754339e-05
2632	0.00013121085410373046
2633	0.0007805446873103411
2634	0.0002234057241611119
2635	3.403647142790816e-06
2636	2.568036813716147e-05
2637	1.7266652934590096e-06
2638	0.00011427240737059355
2639	0.0003958799375251784
2640	0.00025515969342615756
2641	5.4693527752779635e-05
2642	1.6796833671609332e-06
2643	0.0013163812404666316
2644	0.0002261404861503181
2645	0.00016326853521597717
2646	9.071973899021158e-05
2647	0.0001452605396795559
2648	0.0007705138886938362
2649	5.977398763657819e-05
2650	0.0
2651	1.219874691097846e-06
2652	0.0
2653	0.00014948738105222112
2654	2.2640907444443437e-06
2655	0.0003146133930355874
2656	0.0006905141766418954
2657	9.609428109568519e-05
2658	0.00021318564740981032
2659	0.00020141659754575032
2660	2.710050563790123e-05
2661	3.9665484729629306e-05
2662	7.770211479836502e-05
2663	6.7714295256034e-06
2664	0.0007086706323358049
2665	2.6382409332997737e-05
2666	2.9309774167676058e-05
2667	8.14131341332346e-07
2668	0.000628265307884029
2669	0.00032943206431477025
2670	0.0
2671	0.00016755932048819546
2672	4.1450572671074154e-05
2673	9.107819485985392e-05
2674	0.00015697108640747774
2675	8.269732373308623e-05
2676	7.92853325512407e-05
2677	0.0009423668839666133
2678	6.084433442350963e-07
2679	4.1001696958012424e-05
2680	4.6162810382366555e-05
2681	0.0
2682	0.0007225094405807563
2683	0.00010584870553145316
2684	1.0630465023037377e-05
2685	1.8036493666634978e-06
2686	2.7638566075440155e-06
2687	1.1650754952893053e-05
2688	0.00022159663733239553
2689	1.0483483835656636e-05
2690	0.0001308680495013166
2691	2.851537719821927e-05
2692	0.00032594400685707106
2693	0.0010256661050173819
2694	6.872070812777291e-06
2695	0.0
2696	3.4548821769915254e-05
2697	0.00046115928249130074
2698	0.0003607130147871141
2699	0.000749805141479526
2700	2.1845457391616266e-05
2701	5.325712247806033e-05
2702	7.600699761899957e-05
2703	3.082139350329585e-05
2704	0.00020372425430085665
2705	2.674073378632245e-06
2706	5.013971074789687e-06
2707	1.950273875063467e-06
2708	4.4039229405137576e-05
2709	7.080212097309539e-07
2710	3.470371629290465e-05
2711	3.261898119020969e-05
2712	0.00015206184039109959
2713	6.461521171633896e-07
2714	4.474197811467619e-06
2715	1.560612866980947e-06
2716	3.2496652265271597e-06
2717	0.0
2718	5.473883313092048e-06
2719	1.725007391407022e-05
2720	0.00012042216452219194
2721	0.0
2722	4.039116665023612e-05
2723	0.00011588530781297886
2724	4.735989019567035e-06
2725	0.00032118159128633253
2726	6.2390297649933e-07
2727	4.193442598950521e-06
2728	6.452623248334238e-06
2729	0.00045463876496258367
2730	8.500951575865035e-05
2731	5.081457036973785e-06
2732	0.0002676221133508885
2733	0.0
2734	0.0
2735	1.4449174890881594e-05
2736	1.968764267247579e-06
2737	6.198957837860415e-07
2738	5.22042802974944e-06
2739	6.260905808546794e-05
2740	4.743133268965893e-05
2741	5.451506989410819e-05
2742	5.387517511858823e-07
2743	1.2952600215572094e-05
2744	0.0006491911894773895
2745	3.680844301692199e-05
2746	0.00018978829554739312
2747	9.973643008446831e-06
2748	0.0001087914160251466
2749	6.870831217355747e-06
2750	0.00014004342530049706
2751	8.868223322176802e-06
2752	0.0
2753	0.000292431904998274
2754	0.0002525046025412171
2755	0.00020910891707141014
2756	0.00018676147699261446
2757	4.442969027602579e-06
2758	0.0006928309427969721
2759	1.2279542121422086e-06
2760	9.686082960496048e-05
2761	3.310039843106022e-06
2762	0.0
2763	7.68587816526915e-05
2764	1.288411095844875e-05
2765	0.00024031565398375737
2766	0.0
2767	0.0002523489072946172
2768	5.53433494005783e-06
2769	0.0
2770	3.6561121314971894e-05
2771	1.1943054572979964e-07
2772	1.2112088667291913e-05
2773	2.3125098849470374e-05
2774	0.00010744671979602094
2775	1.2726846075159203e-05
2776	0.0
2777	9.984119255386322e-05
2778	2.264650673378493e-05
2779	0.0
2780	1.6034197029612556e-06
2781	7.4935108696895524e-06
2782	1.8816237852427036e-06
2783	0.0
2784	0.0
2785	7.259104304461749e-07
2786	0.0006993187288696956
2787	0.0014698112601619837
2788	1.9484018954769962e-05
2789	4.289633398265663e-07
2790	8.199822107967063e-05
2791	0.0
2792	0.0
2793	5.208835320485958e-06
2794	0.0001095498660895617
2795	5.703243236648345e-07
2796	5.109422122170602e-05
2797	0.0
2798	0.0
2799	0.0
2800	1.9328309023471416e-05
2801	0.0008453671800438587
2802	9.180392175715812e-05
2803	5.759597185141385e-06
2804	8.937318733749745e-07
2805	0.00011639337790587992
2806	3.111144357554113e-05
2807	1.0159658230317229e-05
2808	0.00012587320872025097
2809	6.805400525560371e-05
2810	2.757247095626918e-05
2811	6.108458621942127e-05
2812	7.344462426044496e-05
2813	0.0
2814	0.0006331546375097788
2815	3.4179547352232312e-06
2816	4.518748462608711e-05
2817	0.0
2818	0.0
2819	0.0002218798792335565
2820	8.538067664464508e-07
2821	4.9775035227057454e-05
2822	0.0
2823	0.0004877562372123428
2824	2.565925806503597e-05
2825	4.8521640945631684e-05
2826	3.997466331180254e-05
2827	0.0
2828	0.0
2829	3.035945771286386e-05
2830	4.644862721860063e-06
2831	6.054391397332854e-05
2832	0.0
2833	0.0
2834	2.6925913293696712e-05
2835	3.049963883710339e-07
2836	3.2623321313783187e-06
2837	0.0
2838	8.003560383154041e-07
2839	0.0
2840	1.4259668361840551e-06
2841	2.4873866195794916e-07
2842	0.0
2843	7.228056459414747e-06
2844	0.0
2845	3.842571347165564e-05
2846	9.590495888201154e-06
2847	6.037325851537619e-06
2848	0.0
2849	3.427542664352262e-05
2850	0.0
2851	7.329762024805561e-05
2852	0.0
2853	1.1945024026709464e-06
2854	0.0001072718050932255
2855	1.1176059535781728e-05
2856	9.140204640777975e-06
2857	2.153909189379417e-05
2858	0.0010345483176252722
2859	3.6577628000470528e-06
2860	0.0002885390038821361
2861	2.8597598926230504e-05
2862	0.0
2863	0.0
2864	0.0001777409253901847
2865	9.589680859121863e-07
2866	1.819134331992267e-05
2867	1.4152700956819063e-06
2868	0.0
2869	0.0
2870	0.0006872847355598045
2871	2.4648916869198134e-06
2872	1.4549773147760529e-05
2873	0.0
2874	9.618059688886567e-07
2875	1.4690163312266185e-05
2876	0.0
2877	8.627410382549449e-05
2878	0.0
2879	0.0
2880	5.224513867037847e-05
2881	0.0
2882	0.0
2883	6.195143783263585e-05
2884	5.47851077593993e-07
2885	3.755536534671176e-06
2886	0.00010370626459066581
2887	0.0
2888	0.0
2889	0.0
2890	3.2451122387151313e-07
2891	0.00012161328862455946
2892	6.787247682134315e-06
2893	0.0
2894	0.0
2895	0.0
2896	1.0796001745550339e-05
2897	0.0
2898	7.074062956850928e-07
2899	0.0
2900	4.650335753238953e-06
2901	0.0
2902	0.0
2903	0.0
2904	0.0
2905	0.0
2906	0.0
2907	0.0
2908	0.0
