24567	6	4290
1984	12	24568
24569	2	20407
24570	6	3561
24571	4	5809
16489	2	24572
24573	6	2271
24574	4	1214
24575	12	24576
24577	2	24578
1999	0	24579
24580	6	1775
24581	2	7572
24582	6	2745
2312	2	24583
24584	6	466
24585	12	24586
24587	2	7037
24588	6	11981
23118	12	24589
4843	6	24590
24591	4	10357
14742	0	24592
24593	6	12336
24594	2	14521
24595	0	4841
24596	2	2533
24597	6	9158
24598	6	24599
2905	2	24600
24601	6	335
24602	6	19811
20462	2	24603
24604	2	6765
24605	4	5466
211	12	24606
24607	6	24608
24609	4	12603
365	2	24610
24611	6	24612
24613	6	10944
24614	2	1836
24615	2	3057
24616	2	13900
24617	6	24618
24619	8	135
24620	12	284
24621	6	4824
14008	6	24622
24623	6	24624
24625	6	24626
24627	6	18297
24628	2	1538
24629	6	1353
24630	8	8057
1648	14	24631
24632	6	24633
24634	6	24269
24635	8	211
24636	6	24637
24638	6	14405
24639	6	16319
15967	6	24640
16545	6	24641
2770	14	24642
24643	2	18265
24644	2	24645
21388	6	24646
8116	12	24647
24648	6	4658
24649	2	6773
1972	0	24650
24651	6	1775
24652	8	311
24653	2	24654
24655	2	5356
24656	6	10017
4209	0	24657
24658	6	5438
18753	2	24659
24660	6	9252
24661	6	14801
24662	6	13532
24663	2	23042
24664	6	3503
6608	6	24665
2639	0	24666
1448	2	24667
24668	6	24669
24670	6	836
4338	2	24671
24672	2	18464
6205	2	24673
24674	6	9575
17559	6	24675
24676	0	21743
24349	2	24677
2214	2	24678
24679	0	24680
24681	6	1780
18016	0	24682
24683	2	24684
24685	6	4639
24686	6	12878
8449	2	24687
24688	6	15688
24689	8	3331
16844	2	24690
924	0	24691
24692	6	353
24693	2	10465
22248	2	24694
24695	4	1441
24696	6	18233
24697	6	10645
24698	6	2646
24699	6	698
24700	6	24701
24702	6	23302
24703	2	24704
24705	6	9559
24706	6	17066
428	14	24707
24708	6	8844
24709	6	2354
24710	2	24711
24712	2	24713
24714	6	5931
24715	0	18998
24716	6	1165
24717	6	900
14535	2	24718
23065	12	24719
24720	8	211
24721	6	5596
24722	2	24723
3213	2	24724
24725	6	462
6979	14	24726
24727	0	23761
24728	2	14560
11267	2	24729
24730	6	14177
24731	2	24732
7255	2	24733
24734	4	3380
12108	12	24735
24736	6	21052
24737	0	24738
24739	6	8134
20569	12	24740
1161	0	24741
24742	6	1165
24743	6	24744
5535	0	24745
24746	2	2457
17386	2	24747
24748	6	24749
16802	0	24750
24751	6	255
21102	0	24752
24753	2	24754
24755	0	9083
24756	6	5757
24757	6	335
24758	6	1288
24759	6	1921
24760	2	24761
9870	2	24762
24763	2	21346
24764	6	1502
24765	6	24766
18216	12	24767
24768	2	24769
24770	6	21323
5672	0	24771
24772	6	24773
4918	12	24774
7926	12	24775
24776	2	24777
24778	6	22498
4788	12	24779
24780	2	1968
24781	20	24317
24782	6	6817
24783	8	24784
24785	2	12333
24786	6	1775
24787	6	11064
24788	2	6641
24789	6	3906
18163	2	24790
24791	6	109
24792	8	211
2620	12	24793
24794	2	2374
8854	6	24795
24796	6	246
17581	12	24797
7385	6	24798
24799	2	12369
24800	6	3118
24801	2	13158
24802	4	225
23095	6	24803
24804	2	19048
7266	4	24805
24806	6	24807
12404	0	24808
24809	6	552
24810	6	255
24258	6	24811
24812	2	13154
24813	6	9385
24814	2	16547
24815	6	14416
8511	0	24816
24817	8	211
24818	6	12612
6909	2	24819
24820	6	488
24821	6	7874
24822	0	23867
6493	12	24823
14154	2	24824
24825	6	41
24826	2	415
24827	2	24828
24829	2	7819
24830	6	14235
24831	6	2137
24832	2	14073
10817	2	24833
24834	12	23189
712	18	24835
24836	2	24837
14911	2	24838
24839	6	13894
24840	6	21408
24841	6	1351
16105	0	24842
24843	8	1367
24844	6	11678
24845	6	411
24846	12	24847
9585	0	24848
24849	6	423
24850	6	20331
24851	6	24852
24853	6	24854
24855	6	10370
24856	6	7909
19283	0	24857
12330	6	24858
11153	6	24859
11113	12	24860
24861	6	2851
17113	2	24862
7565	2	24863
24864	6	817
24865	6	655
3387	0	24866
24867	2	14834
415	2	24868
7939	0	24869
23562	6	24870
21567	6	24871
1618	6	24872
5173	12	24873
24874	2	8250
4662	6	24875
24876	12	24877
16730	6	24878
24879	2	24880
24881	4	225
24882	2	24883
6841	2	24884
18931	2	24885
24886	6	7457
11447	0	24887
24888	8	1681
3970	12	24889
24890	6	14601
24891	8	211
24892	6	462
15897	0	24893
3045	0	24894
24895	6	24896
24897	0	24898
24899	6	13075
9270	0	24900
24901	8	1600
24902	6	19074
24903	2	21325
1291	0	24904
24905	6	23657
24906	6	14877
24907	0	14972
486	12	24908
24909	6	17243
24910	6	2524
24911	0	24912
24913	6	625
24914	8	3331
24915	16	24916
24917	6	24918
24919	4	12603
24920	6	7116
24921	0	14130
24922	6	9465
24923	6	353
24924	2	18073
16845	6	24925
24926	6	10746
24927	6	625
24928	6	21613
5560	2	24929
428	14	24930
24931	6	4560
24932	2	12850
2753	12	24933
24934	4	851
24935	6	6697
24936	2	17335
24937	6	466
241	2	24938
24939	6	11101
24940	6	24284
24941	6	24942
24943	8	7704
24944	12	24121
14944	6	24945
24946	6	8982
24947	6	11158
24948	2	14380
24949	6	6111
24950	6	24951
23512	2	24952
24616	10	24953
5898	6	24954
24955	6	2989
24956	6	1181
10625	2	24957
24958	2	5797
24959	6	5120
1559	2	24960
24961	2	20792
24962	6	4997
24963	6	5864
17658	2	24964
24965	6	2137
24966	2	12708
24967	2	24968
24969	2	24970
24971	6	9086
24972	6	3012
19264	2	24973
24974	6	14116
24975	6	2438
24976	6	8196
24977	6	16052
24978	6	23838
23548	2	24979
8315	2	24980
24981	6	1750
17114	2	24982
24983	6	9014
24984	6	639
24985	6	24986
24987	2	24988
17698	6	24989
24990	6	14801
24991	8	1357
24992	6	13239
1539	12	24993
24994	6	16041
14606	2	24995
24996	12	12557
24997	6	2258
24998	2	6153
24999	8	1357
20507	0	25000
25001	2	7008
12129	0	25002
25003	6	10944
25004	6	411
16071	10	25005
25006	2	14038
25007	4	15675
22764	2	25008
25009	2	8657
25010	2	19053
25011	6	9975
19222	0	25012
16337	2	25013
25014	6	25015
25016	2	25017
25018	0	11984
6209	2	25019
25020	6	25021
25022	6	2292
25023	6	7206
25024	6	16110
6600	12	25025
25026	2	25027
25028	2	9396
25029	6	25030
25031	6	8555
25032	6	25033
12447	2	25034
25035	12	25036
25037	6	17062
25038	4	499
25039	6	698
25040	6	25041
25042	6	24246
993	2	25043
25044	6	18127
14038	2	25045
25046	2	3611
25047	6	421
2081	6	25048
11298	10	25049
25050	4	2560
25051	6	25052
14961	2	25053
25054	0	23976
25055	2	1170
25056	6	6601
25057	6	18559
25058	2	5919
13667	18	25059
25060	2	25061
25062	6	1435
25063	2	25064
25065	6	2129
25066	6	698
25067	6	25068
25069	2	25070
25071	8	1600
25072	4	1466
25073	6	1967
25074	16	25075
25076	10	6604
25077	2	10356
7275	2	25078
25079	4	3253
25080	4	25081
25082	6	3906
25083	6	12354
22007	6	25084
25085	6	3499
25086	6	10558
15694	2	25087
25088	2	23648
25089	6	25090
25091	8	211
428	14	25092
25093	6	1388
25094	0	25095
25096	0	14108
22084	6	25097
25098	16	25099
25100	2	907
25101	6	5420
16689	0	25102
17928	2	25103
25104	2	25105
25106	6	2444
25107	2	4677
25108	2	9309
25109	6	12838
25110	6	10800
25111	0	25112
25113	6	731
25114	6	25115
16783	6	25116
5183	2	25117
10746	6	25118
25119	0	25120
5000	0	25121
25122	6	10370
13137	12	25123
25124	6	25125
25126	6	17705
25127	6	4703
1358	6	25128
25129	6	2496
25130	6	655
25131	2	11218
25132	6	6810
10131	6	25133
11991	6	25134
25135	6	3906
25136	6	187
166	0	25137
16612	0	25138
25139	2	8293
25140	6	7670
1214	12	25141
21510	2	25142
25143	8	2425
25144	6	8507
25145	0	24653
25146	2	25147
25148	6	698
25149	0	25135
25150	0	25151
25152	6	7761
25153	6	13349
25154	6	6954
25155	8	691
25156	2	25157
1720	18	25158
9481	14	25159
25160	2	8067
25161	8	4113
25162	6	11186
25163	6	14143
25164	6	25165
901	0	25166
25167	6	698
25168	2	11229
25169	6	19538
25170	6	4186
1720	18	25171
25172	6	25173
25174	6	423
22033	2	25175
25176	12	19952
2695	2	25177
25178	4	225
25179	6	25180
25181	6	25182
25183	8	211
25184	6	769
22633	6	25185
25186	6	25187
25188	6	411
23664	6	25189
25190	2	25191
25192	2	12562
25193	6	8239
25194	2	24349
4724	12	25195
25196	6	4700
8849	0	25197
25198	6	13156
8898	2	25199
14062	6	25200
8887	6	25201
25202	6	22037
25203	6	3183
25204	0	19704
25205	6	11287
25206	8	949
25207	6	9802
10871	0	25208
25209	6	1939
19210	18	25210
25211	2	5406
25212	4	25213
6718	2	25214
25215	6	11837
16320	0	25216
25217	0	25218
1847	2	25219
25220	6	17987
25221	6	25222
25223	12	25224
25225	4	1144
25226	6	25227
25228	8	1367
2727	2	25229
25230	0	25231
25232	6	14018
25233	16	14342
25234	6	9086
12243	2	25235
17470	12	25236
25237	0	25238
7473	2	25239
14719	0	25240
25241	6	2444
25242	6	23046
25243	6	9866
5802	12	25244
25245	8	991
373	0	25246
428	14	25247
428	14	25248
2733	18	25249
23031	2	25250
9073	2	25251
25252	6	16234
10190	12	25253
25254	6	11709
25255	2	25256
12009	0	25257
25258	6	25259
25260	2	12192
10759	0	25261
428	14	25262
25263	4	225
25264	6	5207
20780	12	25265
25266	8	1949
25267	12	1934
25268	6	3210
25269	6	1181
25270	6	11094
25271	0	25272
25273	6	4360
25274	2	17811
25275	8	9763
25276	6	2107
25277	6	10567
25278	6	2145
25279	6	4921
25280	6	5522
14164	6	25281
12022	2	25282
428	14	25283
25284	6	23874
1720	18	25285
2900	2	25286
25287	16	25288
25289	8	1681
25290	6	20010
25291	0	25292
25293	4	4977
25294	2	25295
25296	4	17280
25297	2	16472
25298	6	25299
25300	6	430
17519	0	25301
25302	6	11753
4731	6	25303
25304	6	5984
25305	6	111
3287	6	25306
1713	12	25307
25308	0	25309
25310	6	8698
18642	12	25311
25312	6	2039
25313	6	12738
25314	4	7360
25315	6	4822
25316	2	2143
25317	0	25318
25319	6	25320
11247	6	25321
25322	6	5375
25323	6	14143
6287	2	25324
25325	6	5869
25326	2	25327
25328	6	255
25329	4	1441
25330	6	1010
8062	2	25331
7763	12	25332
25333	2	4376
22770	0	25334
25335	6	11161
25336	6	3503
2902	6	25337
25338	6	7155
25339	6	2587
25340	6	25341
25342	6	15170
25343	6	25344
25345	6	2015
25346	6	8769
25347	2	25348
25349	6	8415
25350	6	1181
10507	0	25351
166	0	25352
25353	6	25354
1720	18	25355
25356	6	85
14647	12	25357
25358	6	7293
25359	6	25360
25361	6	5401
19500	10	25362
5962	6	25363
25364	6	335
17818	2	25365
10504	2	25366
25367	6	1546
25368	0	25369
25370	6	8878
25371	2	7441
25372	2	7966
12727	6	25373
25129	2	25374
15654	0	25375
1501	6	25376
25377	12	25378
25379	6	25380
25381	6	6737
25382	6	10398
25383	6	715
3653	12	25384
25385	6	698
25386	0	25387
25388	6	12964
24785	6	25389
6166	2	25390
25391	10	25392
5502	2	25393
25394	6	589
14070	6	25395
25396	2	3232
25397	6	18113
25398	6	19518
25399	6	1109
25400	6	1775
25401	6	6718
1508	12	25402
25403	6	11751
25404	6	544
11602	12	25405
19417	0	25406
21482	2	25407
25408	8	135
25409	2	25410
21146	2	25411
25412	6	3861
25413	2	1608
25414	2	5579
25415	2	12090
25416	2	14346
25417	6	25418
25419	4	1240
25420	6	4569
25421	6	18918
4170	12	25422
25423	6	2631
25424	2	5560
25425	4	702
4446	2	25426
25427	6	6062
25428	6	1166
3452	2	25429
22089	0	25430
25431	6	4177
25432	6	3740
485	6	25433
18425	6	25434
25435	2	25436
5363	0	25437
3538	6	25438
25439	2	25440
25441	6	731
25442	6	20115
25443	6	23765
25444	0	25445
25446	6	5032
25447	6	2153
25448	2	25449
25450	4	4977
25451	6	14474
4771	2	25452
25453	6	9532
25454	4	851
25455	2	25456
25457	6	2312
25458	6	25459
25460	6	10413
1886	0	25461
19563	0	25462
25463	2	3928
25464	6	25465
25466	6	13075
25467	6	335
25468	0	25469
25470	6	2208
24583	2	25471
25472	2	1388
25473	6	23090
8116	0	25474
25475	6	1971
25476	6	1214
25477	8	25478
25479	2	16857
25480	6	10962
25481	6	3685
25482	6	19729
25483	6	2016
25484	2	25485
25486	2	9703
25487	2	3435
25488	4	3221
25489	2	21653
25490	6	7424
25491	6	353
25492	6	7507
25493	6	9465
7126	2	25494
25495	6	4832
25496	8	5510
25497	6	5296
25498	6	2015
11380	6	25499
25500	0	25501
2306	0	25502
21660	12	25503
25504	4	9040
2671	12	25505
25506	6	9044
25507	6	2015
25508	6	25509
25510	6	1842
25511	6	14473
14477	6	25512
25513	6	5739
25514	6	23836
25515	6	18355
25516	8	21070
25517	2	25518
8473	2	25519
18149	12	25520
25521	6	7840
25522	6	11709
25523	4	11459
25524	6	18867
25525	0	25526
25527	12	25528
18984	12	25529
25530	2	15301
25531	6	13871
245	2	25532
25533	6	9669
25534	4	17
9542	0	25535
25536	8	211
25537	2	25538
25539	2	25540
25541	6	11106
25542	2	3700
3519	2	25543
25544	6	14901
25545	14	19458
7792	6	25546
25547	8	1053
25548	4	702
25549	8	311
25550	8	3331
25551	0	25552
25553	2	11292
1036	4	25554
25555	6	25556
9481	14	25557
25558	6	17591
366	12	25559
25560	6	25561
25562	6	8096
25563	6	1219
3337	2	25564
7195	2	25565
2419	12	25566
21422	6	25567
14849	0	25568
25569	6	20948
25570	6	25571
25572	12	21127
25573	6	286
25574	10	4943
25575	12	7345
1973	0	25576
14676	2	25577
25578	6	5618
25579	6	16454
25580	6	25581
25582	0	25583
25584	6	13473
25585	6	7424
25586	6	1508
25587	2	25588
25589	6	9139
25590	6	1470
25591	4	22124
21397	2	25592
25593	6	25594
428	14	25595
25596	6	25597
25598	6	9940
25496	8	25599
3663	6	25600
25601	6	3012
25602	4	2971
25603	12	25604
25605	6	16384
25606	4	2713
5774	6	25607
25608	2	9281
25609	6	1775
16680	2	25610
25611	6	495
25612	6	10804
25613	2	25614
25615	12	25616
6122	12	25617
25618	6	435
25619	6	6823
25620	0	18131
25621	4	1565
25622	2	12607
25623	8	1053
25624	0	19854
25625	2	25626
166	0	25627
7786	2	25628
25629	6	255
25630	6	1775
18202	2	25631
22346	0	25632
2984	6	25633
25634	12	25635
25636	6	2995
25637	6	7699
25638	6	25639
25640	0	117
22842	0	25641
12519	2	25642
25643	8	311
9660	2	25644
805	6	25645
22785	6	25646
25647	2	25648
25649	6	25650
25651	0	25652
25653	2	25654
166	0	25655
25656	6	1775
25657	6	3200
1720	18	25658
2374	2	25659
25660	2	13374
25661	2	6539
23567	2	25662
25280	2	25663
25664	6	411
2838	0	25665
25666	6	25667
25668	12	2074
25669	6	25670
14647	12	25671
25672	6	18329
25673	6	8122
25674	6	15200
25675	6	8260
25676	6	17161
25677	6	19848
311	2	25678
25679	6	994
4601	0	25680
2651	2	25681
25682	6	16208
25683	2	5214
25684	6	2754
25685	6	23868
25686	0	15819
25687	4	499
1194	6	25688
25689	0	12563
2714	0	25690
5184	2	25691
21621	2	25692
25693	2	14306
25694	6	14108
25695	6	2881
4601	0	25696
25697	6	25698
25699	2	16281
25700	6	10853
25701	8	3652
25702	6	6492
25703	0	25704
25705	6	655
25706	2	25707
25708	6	1864
25709	6	227
25710	12	25711
8423	2	25712
25713	8	211
25714	6	335
25715	6	25716
25717	0	21097
25718	6	22877
9437	12	25719
15092	2	25720
18708	2	25721
25722	6	25723
25724	2	25725
3381	12	25726
25727	6	14609
5102	2	25728
6054	6	25729
25730	6	25731
25732	2	25733
18759	2	25734
25735	6	18331
17362	0	25736
9303	10	25737
25738	2	21010
10311	0	25739
858	2	25740
25741	6	3722
25742	6	3250
1720	18	25743
25744	2	22736
17853	0	25745
25746	6	15504
3760	12	25747
19149	2	25748
5084	2	25749
25750	6	5931
25751	6	5528
23423	6	25752
4499	0	25753
2793	6	25754
2830	10	25755
25756	12	25757
25758	6	5507
25759	6	423
25760	2	25761
25762	6	5120
5412	0	25763
25764	4	1264
25765	6	63
25766	6	9403
25767	4	1504
25768	6	16085
25769	6	25770
25771	6	2883
25772	6	6015
25773	6	13894
25774	6	1708
428	14	25775
25776	6	25777
25778	6	411
25779	6	21130
12354	2	25780
25781	6	7778
25782	2	25783
25784	6	18340
25785	2	25786
25787	6	24942
25788	6	3816
25789	4	499
25790	2	25791
25792	12	25793
25794	6	3207
12697	2	25795
25796	6	6962
25797	6	3646
25798	2	3801
25118	6	25799
25800	6	421
17628	2	25801
10554	6	25802
25803	4	1959
25804	6	1460
14747	0	25805
25806	2	13391
14965	2	25807
25808	2	21621
25809	6	2015
15077	2	25810
25811	6	10715
25812	10	24218
9341	0	25813
25814	6	14647
25815	8	4101
25816	16	24365
25817	4	5855
25818	6	20159
25819	12	22678
25820	6	11483
25821	6	12562
25822	8	949
10728	2	25823
4545	6	25824
25825	2	9256
25826	6	11234
25827	6	25828
25829	6	3752
25830	6	11483
25831	6	22622
25832	0	25833
8624	12	25834
25835	6	9597
25836	6	14946
25837	6	462
25838	6	411
25839	2	25840
25841	6	3398
25842	6	4364
1262	2	25843
10570	12	25844
25845	2	9660
25846	6	546
15137	2	25847
25848	8	7914
19961	2	25849
25850	8	311
16219	6	25851
25852	2	25853
25854	0	25855
25856	8	949
6938	6	25857
25858	0	25859
20428	6	25860
13380	12	25861
15643	2	25862
24894	0	25863
5324	0	25864
25865	6	2447
2580	2	25866
25867	8	691
25868	2	25869
25405	12	25870
15090	0	25871
25872	6	1109
25873	2	25874
15009	12	25875
25876	2	12659
25877	2	25878
25879	2	10364
25880	0	24595
25881	0	25882
428	14	25883
25884	6	8924
25885	6	25886
25887	2	25888
25889	2	2354
25890	6	41
849	2	25891
25892	6	3503
25893	6	2987
25894	2	9946
25895	6	4658
770	0	25896
12000	0	25897
25898	6	3345
25899	2	19681
25900	2	10373
25901	6	792
1327	10	25902
25903	6	3906
25904	8	1437
25905	8	8057
25906	6	13075
25907	6	12650
25908	2	14588
1720	18	25909
25910	6	187
4928	2	25911
6111	12	25912
25913	6	8711
428	14	25914
25915	4	1782
25916	2	18333
25917	6	589
18104	2	25918
25919	6	25920
25921	6	5882
25922	6	7255
25923	6	9057
5989	6	25924
25925	6	411
25926	8	211
25927	6	421
25928	6	1219
25929	6	16075
15768	0	25930
25931	2	18974
25932	4	2247
25933	8	949
25934	6	698
25935	6	17691
8650	12	25936
25937	6	3837
3691	0	25938
25939	6	2556
25940	2	12613
25941	8	7921
25942	6	13092
25943	6	10055
25944	6	4250
25945	6	1181
25439	6	25946
25947	6	11631
25948	2	25949
25950	6	3643
25951	2	25952
428	14	25953
25954	6	9357
25955	6	5556
6885	6	25956
25957	6	510
25958	6	2987
25959	6	1188
25960	4	10357
25961	6	2058
12514	12	25962
25963	6	1577
25964	4	702
16320	0	25965
14319	6	25966
25967	6	19128
366	14	25968
25969	6	10111
25970	2	23163
25971	6	15413
25972	6	1744
25973	2	9402
25974	6	25975
428	14	25976
25977	6	25978
25979	6	1750
10891	2	25980
25981	0	21704
13735	2	25982
25983	6	25030
3706	14	25984
25985	12	14938
5704	2	25986
5282	12	25987
25988	2	25989
25990	6	22501
25991	8	22125
21357	0	25992
4025	2	25993
15413	6	25994
25995	6	25996
25997	2	25998
25999	12	4639
26000	6	11819
26001	8	5450
26002	6	10502
428	14	26003
26004	4	2247
26005	2	1116
6122	12	26006
26007	6	9719
26008	6	2962
26009	6	4224
26010	0	26011
26012	6	499
26013	2	18034
26014	6	3722
9896	2	26015
26016	6	19680
26017	6	3831
26018	4	3885
1039	2	26019
26020	6	255
18910	2	26021
26022	6	7770
11851	0	26023
23524	12	26024
14926	12	26025
26026	6	26027
20140	2	26028
26029	6	5355
26030	8	691
26031	6	17654
2549	0	26032
26033	6	22288
26034	0	26035
26036	2	11266
26037	6	26038
26039	6	515
26040	4	225
10892	6	26041
4841	0	26042
26043	6	11395
26044	6	27
26045	6	2444
26046	6	1410
26047	6	423
16751	6	26048
26049	6	8354
26050	6	651
26051	6	22622
26052	2	2741
14683	6	26053
26054	6	5221
26055	4	225
26056	6	1181
26057	6	9510
26058	6	1565
26059	6	7537
26060	12	26061
26062	6	421
9542	0	26063
26064	2	3887
26065	6	411
15136	2	26066
26067	6	26068
26069	12	26070
26071	8	4625
15975	0	26072
26073	6	731
26074	6	9126
26075	2	26076
26077	6	13092
26078	6	9439
26079	6	20867
26080	6	421
26081	6	20175
26082	6	12669
26083	6	213
26084	6	3574
26085	6	26086
26087	8	10600
6671	6	26088
26089	6	15272
26090	8	211
1199	0	26091
26092	2	26093
17150	2	26094
26095	4	702
26096	6	5023
1852	2	26097
26098	4	26099
26100	2	26101
26102	6	21907
26103	6	6451
26104	6	20533
26105	8	211
26106	6	1181
26107	0	26108
26109	4	499
26110	6	23199
1720	18	26111
26112	6	1076
2749	2	26113
26114	6	1610
11863	2	26115
26116	2	26117
13078	0	26118
26119	6	6626
26120	6	17654
26121	2	1813
26122	6	6473
26123	6	26124
26125	6	16966
26126	2	9940
26127	0	26128
26129	6	24011
26130	6	26131
14006	2	26132
26133	6	26134
26135	6	8618
19890	6	26136
26137	6	4109
6499	2	26138
26139	2	1282
26140	6	11922
26141	2	26142
26143	2	14305
26144	6	13286
26145	6	6742
4311	2	26146
18934	12	26147
26148	2	26149
26150	6	2968
26151	0	16180
26152	6	11170
26153	6	12650
26154	2	26155
26156	8	1600
1339	12	26157
26158	2	14913
26159	6	1435
7549	2	26160
26161	6	24612
26162	0	26163
26164	2	26165
26166	2	26167
26168	6	15152
15163	2	26169
26170	6	1181
26171	6	4695
26172	4	225
2828	2	26173
26174	6	1696
17037	16	26175
26176	6	421
166	0	26177
26178	12	26179
11269	0	26180
176	14	26181
26182	2	22095
12489	2	26183
23286	6	26184
26185	2	26186
5996	0	26187
26188	6	22552
26189	2	24702
26190	0	11929
428	14	26191
25717	0	26192
26193	6	411
26194	6	421
23593	0	26195
26196	8	17508
26197	6	26198
1820	0	26199
26200	6	5223
26201	6	1775
6902	6	26202
13128	12	26203
19460	0	26204
26205	6	15797
26206	6	5438
14860	2	26207
26208	6	26209
26210	6	4317
26211	6	16378
26212	2	26213
22910	6	26214
26215	6	6425
26216	0	25777
7821	0	26217
162	6	26218
26219	4	5855
26220	6	4489
26221	4	922
26222	6	13100
26223	2	19152
26224	6	20670
25686	0	26225
26226	6	26227
26228	16	2371
26229	6	5117
4618	0	26230
8560	0	26231
6437	12	26232
26233	8	1681
26234	2	6628
26235	6	3647
26236	0	16045
26237	6	1907
26238	2	8326
26239	6	21475
26240	0	26241
26242	2	20146
26243	2	26244
26245	2	6712
26246	6	2236
4989	12	26247
26248	4	702
26249	16	13597
26250	6	411
26251	8	8224
26252	8	21844
26253	6	12146
26254	2	13689
4596	2	26255
1732	2	26256
26257	6	7571
26258	6	12122
26259	2	26260
26261	6	4017
3280	2	26262
5024	2	26263
26264	8	12958
26265	6	795
26266	6	13566
10974	2	26267
26268	2	9069
26269	2	7650
9431	12	26270
26271	2	21136
26272	8	211
26273	8	949
26274	8	20871
26275	6	6656
26276	6	16087
26277	6	13416
7561	2	26278
26279	2	25125
26280	6	2099
15960	6	26281
26282	2	26283
13564	6	26284
26285	2	20614
26286	2	9665
26287	6	12116
26288	6	8711
26289	6	4973
26290	2	15333
26291	6	235
26292	6	1842
26293	0	26294
26295	12	26296
19843	0	26297
26298	2	9036
26299	6	707
26300	6	2998
26301	6	18976
17180	6	26302
8299	12	26303
166	0	26304
7616	6	26305
26306	6	5084
26307	6	4824
26308	6	119
20983	0	26309
19683	2	26310
14005	0	26311
26312	0	23091
19227	2	26313
26314	8	24963
26315	2	12911
9191	0	26316
1849	0	26317
26318	2	7500
26319	6	8421
26320	6	711
26321	6	26322
486	12	26323
12200	2	26324
26325	0	19457
26326	6	9806
26327	6	26019
26328	6	5260
26329	0	3612
26330	12	26331
710	2	26332
23284	2	26333
26334	6	4557
23418	16	26335
26336	6	15121
26337	2	26338
26339	0	17184
21355	2	26340
2366	2	26341
26342	0	26343
26344	6	3183
26345	6	25233
26346	6	19886
26347	6	1881
5404	6	26348
1999	0	26349
26350	2	4273
26351	4	10945
26352	6	19893
26353	2	26354
26355	6	26356
6814	2	26357
26358	6	9518
26359	2	14247
26360	6	109
26361	6	5237
26362	2	25439
26363	6	3601
24974	2	26364
26365	6	26366
9564	0	26367
26368	6	26369
11484	12	26370
26371	6	14203
26372	2	26373
26374	2	26375
428	18	26376
26377	6	22610
10157	0	26378
26379	6	1690
26380	2	14390
26381	2	12183
26382	6	421
26383	6	26384
26385	6	546
26386	8	21070
26387	2	21740
26388	6	17044
26389	10	5176
26390	6	279
26391	6	26392
26393	4	3200
9983	2	26394
26395	0	26396
26397	6	1181
26398	12	26399
26400	0	26401
2940	12	26402
14185	0	26403
26404	6	12575
26405	2	16935
26406	2	22225
26407	6	8085
1203	12	26408
26409	6	6774
14191	14	26410
26411	6	26412
166	0	26413
696	2	26414
9798	2	26415
17519	0	26416
26417	8	211
7621	0	26418
26419	4	12917
26420	6	335
26421	2	26422
26423	2	16201
26424	4	1774
26425	6	8450
26426	6	248
11167	2	26427
26428	6	26429
26430	2	26431
26432	6	26433
26434	2	21705
26435	6	2939
26436	6	26437
26438	6	2440
9447	12	26439
13950	2	26440
8768	2	26441
26442	6	16563
26443	8	26444
770	0	26445
26446	6	20490
21713	12	26447
26448	6	9603
26449	6	1367
26450	8	10070
26451	6	1115
26452	6	8402
26453	8	26454
26455	6	8672
26456	2	3325
26457	6	187
26458	8	7560
26459	2	26460
26461	2	25233
26462	6	625
26463	6	2199
26464	6	8958
429	6	26465
26466	6	16632
26467	6	4962
26468	6	123
26469	6	26470
26471	2	21515
26472	2	6443
26473	2	26474
26475	2	26476
16067	6	26477
26478	6	1877
26479	6	14918
26480	6	2444
26481	6	9786
26482	6	4317
1720	18	26483
26484	6	10524
26485	6	13865
26486	6	10764
26487	6	13159
26488	6	3641
26489	2	26490
26491	6	21086
26492	6	15470
26493	2	25363
26494	6	9086
26495	6	109
26496	12	3401
26141	2	26497
26498	4	5614
11873	2	26499
26500	6	19311
14514	6	26501
26502	6	26503
25119	0	26504
26505	6	818
26506	6	26507
4503	0	26508
26509	6	14292
26510	6	13515
26511	6	2292
13200	12	26512
26513	6	20609
26514	6	13580
26515	12	26516
26517	2	4755
26518	0	26519
290	0	26520
26521	8	2005
26522	6	3816
26523	6	6697
26524	6	26525
26526	6	3679
26527	6	182
6100	2	26528
5960	6	26529
26530	6	961
843	12	26531
26532	6	462
26533	6	335
26534	0	25237
26535	2	26536
26537	6	26538
26539	4	4094
19358	2	26540
26541	6	14923
26542	6	1787
26543	6	207
26544	0	16020
26545	4	922
26546	6	26547
26548	6	25636
26549	6	353
26550	6	22661
26551	6	13412
428	14	26552
18546	12	26553
26554	6	495
2040	2	26555
26556	4	19478
26557	6	8176
26558	8	1949
26559	6	26560
26561	6	26562
26563	0	3862
26564	8	9040
26565	2	4444
26566	2	26567
26568	6	15047
26569	6	26570
26571	0	13120
26572	6	26573
24392	12	26574
15538	2	26575
26576	6	19394
26577	2	16608
26578	6	26579
26580	0	19126
26581	6	22877
26582	6	495
26583	6	12609
26584	6	26585
26586	6	9754
12229	2	26587
26588	2	16027
26589	6	26590
26591	6	41
26592	12	17771
26593	6	26594
428	14	26595
19001	2	26596
26597	6	26598
26599	6	3757
26438	0	26600
1720	18	26601
11688	2	26602
26603	6	11670
26604	2	10860
13946	2	26605
26606	6	1181
26607	8	9093
26608	6	17015
26609	6	4560
7323	2	26610
26611	6	1441
26612	6	8100
428	14	26613
26614	6	20797
26615	6	18222
26616	4	15675
26617	2	2056
340	2	26618
26619	6	26620
26621	2	12501
26622	2	26623
26624	6	3547
26625	16	19017
26626	6	255
26627	2	7557
26628	4	5011
11465	2	26629
25391	10	26630
8385	0	26631
4648	2	26632
26633	6	4674
26634	6	9263
5270	6	26635
26636	2	17544
26637	6	495
26638	6	17273
26639	6	3017
26640	4	10891
26641	16	5982
18742	2	26642
26643	6	26644
26645	8	37
14710	2	26646
20529	0	26647
26648	6	22925
26649	6	6338
1454	2	26650
26651	2	12819
26652	6	2354
26653	6	7092
26654	12	16445
26655	2	26656
26657	6	12070
26658	4	922
10844	0	26659
13780	0	26660
26661	6	13296
26662	6	14706
11400	0	26663
26664	6	18167
26665	6	12677
26666	6	2522
843	12	26667
26668	6	18435
11816	2	26669
26670	6	115
26671	6	2284
26672	6	19265
19178	0	26673
26674	6	2968
26675	6	4370
26676	6	4557
26677	6	7457
26678	6	26679
10224	0	26680
26681	6	2291
26682	6	22758
26683	6	1264
26684	0	26685
26686	6	2745
8011	2	26687
26688	4	225
26689	10	26690
26691	6	15181
26692	6	26693
26694	2	26695
26696	6	4658
26697	8	19850
26698	6	16763
26699	6	13871
26700	0	26701
20589	0	26702
16064	12	26703
26704	2	5618
26705	16	4343
1972	0	26706
26707	6	1181
19417	0	26708
26709	8	20004
26710	6	4254
26711	6	3131
26712	10	25989
26713	6	3722
428	14	26714
2474	0	26715
26716	6	7428
26717	12	10293
26718	6	353
26719	6	2467
26720	0	26721
26722	2	16237
1999	0	26723
19440	12	26724
26725	6	7921
26726	6	11874
22785	2	26727
459	6	26728
26729	6	24210
26730	6	698
20384	12	26731
25307	12	26732
26733	12	26734
26735	6	9883
26736	6	16052
26737	0	26738
26739	6	359
26740	6	7126
26741	2	26727
26742	6	9599
19677	2	26743
26744	6	24068
20238	2	26745
4670	2	26746
26747	2	3352
20356	0	26748
26749	6	24116
26750	6	187
8364	2	26751
26752	6	26753
26754	6	7227
11270	0	26755
26756	6	63
26757	6	1819
26758	6	979
26759	2	26760
26761	8	7449
1724	12	26762
1030	2	26763
26764	6	9290
26765	6	9135
26766	0	26767
26768	8	7449
26769	2	26770
23405	6	26771
26772	6	462
26773	6	21742
26774	6	10629
26775	2	6214
26776	2	2496
4596	2	26777
4208	0	26778
26779	2	12403
26780	6	13304
4096	12	26781
26782	6	11678
26783	2	14819
11642	0	26784
26785	6	12964
26786	6	5003
26787	2	2962
9138	2	26788
12681	2	26789
26790	6	21698
26791	6	1819
18111	2	26792
26793	6	25860
2639	0	26794
26795	6	26796
26797	6	1577
18777	0	26798
17421	0	26799
1438	14	26800
26801	2	5532
26802	6	17015
26803	6	18100
26804	6	17581
26805	6	14177
1720	18	26806
26807	6	883
26808	6	5207
26809	12	26810
26811	2	26812
26813	6	20016
26814	6	6742
428	14	26815
19443	2	26816
26817	6	3110
26818	2	21140
26819	6	24427
26820	6	8141
2474	0	26821
26822	6	25999
26823	6	9304
26824	6	26825
26826	6	1326
26827	2	6960
26828	6	26829
4166	0	26830
11772	0	26831
26832	6	1577
3508	0	26833
26834	6	41
26835	6	11639
24091	2	26836
16926	2	26837
26838	6	26839
166	0	26840
26841	2	25447
26842	6	5473
2664	12	26843
26844	2	49
7020	2	26845
26846	6	2137
26847	6	13633
26848	6	26679
26849	0	26850
26851	2	8096
26852	0	26853
428	14	26854
26855	6	2866
26856	2	1753
26857	4	225
26858	2	4674
26859	10	26860
26861	6	22083
26862	6	21948
26863	8	1053
26864	2	11535
26865	4	702
166	0	26866
26867	0	20847
26868	6	20135
26869	16	19582
7703	2	26870
26871	8	4113
26872	4	1565
26873	6	5633
26874	6	5510
26875	6	26876
26877	2	13528
26878	6	26879
2847	2	26880
26881	6	18695
26882	8	3345
7102	6	26883
26884	12	13186
26885	6	1772
26886	6	3225
1866	0	26887
26888	6	462
3417	2	26889
26890	6	22555
12476	0	26891
26892	6	625
26893	6	21549
1905	0	26894
26895	2	7707
1873	2	26896
26897	8	135
26898	6	3970
26899	6	423
23118	12	26900
15282	0	26901
26902	2	15953
13339	2	26903
26904	8	211
26905	6	19700
21545	12	26906
858	6	26907
26908	6	421
26909	6	14818
26910	6	6464
26911	2	4832
26912	6	24406
26913	6	41
26914	6	3503
26915	6	10553
26916	0	26917
26918	6	137
26919	6	17219
26920	10	722
3241	12	26921
26922	6	3336
26923	6	2569
26924	16	26925
26926	6	7704
25181	12	26927
8898	6	26928
26929	12	6362
166	0	26930
26931	6	26932
26933	4	1565
428	14	26934
26935	2	26936
26937	2	12567
26938	6	3012
1728	6	26939
26039	2	26940
26941	6	1603
1865	0	26942
24786	0	26943
26944	6	495
26945	6	7824
26946	6	26947
8110	0	26948
26949	6	25201
26950	6	24072
24750	0	26951
22650	2	26952
3524	2	26953
4209	0	26954
26955	6	9150
26956	6	411
26957	6	15223
26958	2	22779
26959	6	4226
26960	6	1338
26961	6	4482
26962	16	25633
26963	0	26964
6490	2	26965
26966	6	6363
26967	6	26968
17747	0	26969
592	2	26970
26971	16	12282
12208	2	26972
26973	6	1382
15275	2	26974
26975	8	211
26103	0	26976
23517	0	26977
20601	2	26978
26979	6	14677
24829	2	26980
26981	0	26982
26983	6	5184
26984	6	15038
26985	6	6844
24945	2	26986
26987	6	7070
3244	2	26988
26989	6	1410
26990	8	1674
366	14	26991
26992	6	5609
18199	0	26993
26994	6	3711
4186	6	26995
26996	8	211
26997	2	8505
26998	6	3116
11162	2	26999
27000	6	4226
22646	2	27001
27002	6	21444
26658	2	27003
2324	2	27004
27005	6	15188
428	14	27006
11293	12	27007
27008	6	22736
4978	0	27009
27010	12	1148
18387	2	27011
27012	2	5281
27013	8	1367
9551	0	27014
27015	2	16138
27016	0	27017
27018	6	2883
27019	6	3722
2026	2	27020
27021	10	27022
27023	0	27024
7765	12	27025
6813	2	27026
8520	6	27027
27028	6	5769
27029	6	6111
27030	6	1466
5709	2	27031
27032	6	19360
27033	6	2242
11960	0	27034
27035	12	11999
27036	6	495
27037	6	27038
27039	6	7704
18550	2	27040
27041	6	13829
16941	2	27042
27043	2	11293
27044	6	3483
10153	2	27045
27046	2	1827
27047	2	27048
27049	6	6854
8099	2	27050
27051	2	27052
27053	2	27054
27055	6	14617
27056	6	27057
27058	12	27059
27060	6	7384
1864	10	27061
4709	2	27062
27063	4	1565
24684	2	27064
27065	4	225
27066	2	27067
27068	6	1181
25448	2	27069
27070	0	25029
8116	12	27071
27072	4	7460
27073	6	495
14879	2	27074
27075	2	14077
27076	6	9309
8992	0	27077
27078	6	248
27079	6	6453
27080	6	18603
10069	6	27081
27082	6	14335
16613	12	27083
27084	2	24656
27085	6	462
27086	6	27087
27088	6	5841
27089	6	27090
5726	0	27091
15572	2	27092
27093	12	2508
27094	6	11454
27095	6	421
27096	12	9801
27097	6	195
27098	6	23066
27099	0	23365
27100	6	1219
27101	2	27102
27103	6	24804
27104	8	2425
19067	2	27105
27106	6	16846
27107	6	8450
7174	16	27108
20761	2	27109
27110	6	495
17707	0	27111
27112	6	11739
27113	0	27114
27115	6	655
27116	6	5400
27117	4	5466
27118	6	7092
27119	6	6824
12761	2	27120
27121	6	27122
13810	6	27123
27124	2	26577
20483	2	27125
27126	2	22674
27127	6	495
27128	2	7666
17237	2	27129
22960	0	27130
27131	0	25029
27132	6	13986
22410	2	27133
27134	0	13320
5114	0	27135
27136	6	13922
25627	0	27137
27138	0	27139
14622	6	27140
27141	6	7393
27142	2	3412
2722	12	27143
5363	0	27144
27145	6	5026
27146	2	24181
26297	0	27147
27148	6	8764
27149	6	5842
20376	6	27150
24398	2	27151
2122	12	27152
5514	0	27153
12746	12	27154
27155	6	11589
27156	6	20336
4565	12	27157
27158	6	4585
27159	6	21004
27160	2	18671
27161	2	4233
27162	6	27163
27164	4	3503
27165	2	27166
10065	2	27167
636	14	27168
18902	2	27169
10186	4	27170
9004	2	27171
9974	10	27172
27173	0	27174
27175	6	4658
428	14	27176
27177	12	22678
19339	0	27178
27179	0	27180
27181	6	19336
7246	0	27182
14437	0	27183
18734	0	27184
27185	2	19533
27186	8	9951
27187	2	23977
21550	12	27188
27189	6	14677
27190	6	462
27191	6	27192
16723	2	27193
27194	2	8363
27195	6	20957
27196	2	27197
27198	6	26266
9509	12	27199
27200	12	22795
27201	16	5560
17690	6	27202
27203	2	21730
27204	6	23875
27205	0	10907
2919	2	27206
27207	6	6697
25981	0	27208
19570	6	27209
27210	6	6737
27211	6	27212
1793	0	27213
27214	6	3118
13182	2	27215
5768	6	27216
27217	6	1181
27218	6	462
27219	6	8591
27220	8	14058
27221	6	1502
27222	6	1407
22150	2	27223
27224	6	1761
27225	6	7268
7945	10	27226
27227	6	731
27228	6	18642
27229	6	3901
27230	6	6471
26465	2	27231
27232	6	7958
739	0	27233
27234	8	10070
9937	2	27235
27236	0	14332
8720	2	27237
23339	0	27238
27239	0	27240
27241	8	3331
27242	12	20089
27243	6	421
4907	12	27244
27245	8	25496
27246	2	6006
27247	6	6428
27248	8	211
27249	6	25350
27250	4	5855
27251	2	5504
27252	6	26868
1470	6	27253
27254	12	27255
27256	4	225
27257	6	27258
27259	6	5589
7185	2	27260
27261	8	211
27262	6	625
27263	2	27264
27265	2	14450
11086	0	27266
27267	6	12194
27268	6	9917
27269	8	18062
27270	4	4447
27271	2	15432
9726	2	27272
27273	8	11193
27274	6	664
27275	0	27276
3472	12	27277
27278	6	6879
27279	6	1214
5202	6	27280
9782	2	27281
27282	2	27283
26356	2	27284
27285	8	7611
27286	2	14843
27287	4	7460
16680	2	27288
27289	6	1165
27290	12	8029
27291	6	27292
27293	6	495
27294	0	12080
27295	6	3089
25695	2	27296
27297	2	6861
27298	14	27299
3516	2	27300
7801	2	27301
20142	2	27302
5959	2	27303
27304	2	8978
5672	0	27305
27306	6	27140
9282	6	27307
27308	8	2425
23409	2	27309
27310	10	27311
27312	6	26267
1579	0	27313
27314	0	27191
24733	2	27315
27316	0	27317
27318	6	27319
3444	2	27320
27321	6	24211
27322	6	3207
27323	6	5869
166	0	27324
4921	2	27325
27326	6	8704
27327	6	12677
27328	0	7456
27329	2	27330
16538	2	27331
27332	6	4921
10401	18	27333
27334	6	2594
27335	2	27336
1995	12	27337
27338	6	1181
27339	2	151
27340	6	22859
2568	2	27341
27342	6	12128
27343	8	1437
27344	6	16368
2730	2	27345
27346	6	3722
27347	6	2463
27348	6	7825
25516	2	27349
27350	6	27351
27352	6	13349
27353	0	12993
27354	6	21353
27355	6	27038
27356	6	2380
27357	6	546
2639	0	27358
11261	10	27359
27360	2	5939
27361	6	4317
27362	2	26262
27363	6	27364
15161	0	27365
27366	6	9189
8456	6	27367
27368	2	14128
27369	0	27370
27371	8	211
27372	6	27373
27374	6	8822
22083	2	27375
23794	2	27376
27377	2	26390
2474	0	27378
9393	2	27379
27380	6	7979
27381	6	14925
27382	6	8252
27383	6	20327
2474	0	27384
27385	6	10611
21825	0	27386
27387	6	698
27388	6	1488
27389	6	589
7140	2	27390
12983	8	27391
27392	6	1181
27393	6	27394
27395	2	1106
3666	2	27396
27397	2	14125
27398	6	1024
27399	2	4419
27400	6	18413
6009	12	27401
20363	2	27402
27403	6	19513
27404	2	20779
23787	6	27405
27406	6	1577
27407	2	4674
27408	6	27409
27223	2	27410
27411	6	26994
27412	6	462
27413	6	8525
27414	6	13615
27415	2	25440
2419	12	27416
27417	6	85
27418	6	4488
27419	0	27420
19283	0	27421
27422	0	23939
27423	2	19970
27424	4	702
27425	6	13643
27426	6	22692
27427	6	12738
22157	2	27428
27429	6	16626
27430	6	1181
17525	2	27431
159	12	27432
27433	10	27434
22621	2	27435
27436	6	874
27437	2	16875
27438	8	2177
7011	2	27439
2863	0	27440
27441	2	21215
15546	0	27442
27443	6	20745
27444	6	2130
27445	2	3953
27446	6	27447
4813	12	27448
27449	0	16012
27450	6	3906
27451	6	12018
27452	6	16777
27453	6	860
27454	6	13633
27455	6	1260
27456	14	27457
27458	6	10564
27459	6	41
27460	8	23595
279	2	27461
27462	6	27192
27463	2	24714
27464	6	14695
27465	6	3999
27466	8	6037
5769	2	27467
27468	0	27469
27470	4	1144
16614	0	27471
14875	0	27472
27473	6	411
26203	12	27474
27475	6	1466
1720	18	27476
27477	6	16517
27478	6	9946
27479	6	6453
27480	6	15406
27481	6	22777
27482	6	227
11466	0	27483
27484	6	18984
4168	16	27485
27486	6	546
27487	2	12953
27488	2	3163
27489	6	21687
27490	12	27491
27492	4	225
27493	8	991
12484	12	27494
11497	2	27495
27496	8	1053
27497	6	462
27498	8	211
27499	6	19972
27500	0	21142
27501	6	14171
27502	6	1165
9144	0	27503
23651	2	27504
27505	6	495
7158	0	27506
27507	6	16672
27508	6	1548
27509	6	10150
27510	2	27511
27512	6	8141
27513	6	698
27514	6	18279
27515	6	7690
27371	12	27516
27517	6	1801
166	0	27518
27519	8	135
27520	6	544
27521	6	5974
27522	2	4585
11285	16	27523
27524	6	5255
17723	2	27525
27526	2	6045
27527	8	17800
27528	8	27529
1185	12	27530
27531	6	353
27532	6	329
3197	20	27533
27534	6	18501
20396	6	27535
27536	6	297
27537	6	27538
3859	12	27539
27540	4	3221
2419	12	27541
27542	2	21113
27543	6	10059
27544	6	23868
27545	6	27546
5971	2	27547
27548	8	18615
15041	6	27549
27550	6	3985
27551	6	17012
27552	6	11689
27553	6	2452
15515	12	27554
27555	2	14459
27556	0	2336
27557	2	27558
16934	0	27559
6984	0	27560
27561	6	27562
27563	12	27564
1720	18	27565
27566	6	6270
27567	6	14816
4275	6	27568
27569	6	8348
27570	6	27571
27572	16	4272
27573	0	27574
27575	6	3863
27576	6	14839
27577	6	423
27578	0	22215
19269	2	27579
27580	2	12925
27581	6	9394
27582	6	184
27583	0	16791
10142	0	27584
27585	6	11148
27586	6	246
27587	6	1045
27588	6	8156
27589	6	27590
25579	2	27591
27592	8	1221
14144	2	27593
27594	6	25819
27595	2	27596
19807	0	27597
27598	12	27599
27600	6	2312
27601	6	1589
25144	2	27602
24376	6	27603
27604	6	5120
27605	2	397
27606	4	11399
13441	2	27607
27608	6	21666
17571	2	27609
27610	8	211
2139	0	27611
27612	6	22987
27613	8	7449
4034	2	27614
27615	8	1367
27616	6	9414
27617	2	27618
27619	4	15249
27620	8	135
27621	6	5532
428	14	27622
27623	6	5051
9064	2	27624
27625	6	25924
27626	6	27627
4841	0	27628
27629	6	13411
27630	6	6656
27631	6	16804
27632	6	1819
27633	2	6897
27634	6	7697
15564	2	27635
27636	6	14281
6768	2	27637
27638	6	5290
7553	2	27639
11821	2	27640
27641	6	7575
26839	2	27642
27643	6	625
27644	6	26113
27645	16	14402
27646	6	26573
27647	6	423
27648	6	12128
12648	2	27649
6958	12	27650
27651	6	27652
11770	12	27653
2951	12	27654
27655	0	27656
27657	6	11064
27658	6	2440
27659	6	12039
27660	0	2599
27661	6	5456
27662	6	2496
5493	0	27663
27664	0	27536
3527	0	27665
27666	6	8170
27667	6	4186
4759	12	27668
27669	6	4568
27670	6	4352
27671	6	4009
14573	2	27672
27673	0	27674
27675	2	27676
27677	6	2053
27678	4	25940
27679	2	13097
27680	0	27681
27682	6	21263
27683	6	1819
27684	2	17841
27685	8	1681
27686	2	9529
27687	4	1144
9750	12	27688
9753	6	27689
27690	0	27691
290	0	27692
27693	8	9454
27694	6	10721
27695	6	353
27696	6	4731
27697	6	13707
27698	6	7706
27699	6	13808
27700	6	1196
27701	6	6456
27702	6	353
4033	2	27703
13862	12	27704
27705	6	6559
27706	6	2319
2753	12	27707
19928	2	27708
25666	2	27709
27710	6	5011
27711	2	14734
27712	6	20140
7899	0	27713
27714	2	12351
27715	2	27716
27717	6	12530
5982	2	27718
27719	6	462
27720	6	5618
27721	4	2122
10048	2	27722
27723	6	3110
27724	6	23713
27725	6	2226
27726	6	11298
17093	0	27727
9980	0	27728
6793	0	27729
9606	0	27730
27731	6	27732
27733	6	7514
27734	6	14510
27735	6	2115
172	12	27736
27737	6	17523
27738	6	3066
8100	2	27739
11304	2	27740
12378	2	27741
27742	6	1479
27743	6	2035
4224	2	27744
27745	6	1427
27746	6	27747
27748	6	9866
27749	6	8555
27750	6	3503
27751	6	8445
27752	6	27753
27754	6	6252
27755	8	22125
27756	6	27757
27758	2	9006
27759	6	21269
21276	2	27760
27761	6	21087
27762	6	18296
27763	12	6565
27764	2	9685
27765	2	1836
27766	6	3503
27767	6	4144
19122	2	27768
27769	6	3885
27770	6	3855
27771	8	4113
21500	6	27772
25525	0	27773
27774	8	12228
27775	2	27776
27777	0	25895
27778	6	21863
3079	0	27779
27780	6	544
27781	6	24169
27782	2	27783
27784	6	8483
27785	4	1959
27786	2	300
27787	6	11681
27788	6	698
27789	8	1605
27790	2	27791
27792	6	27793
5981	2	27794
27795	8	991
27796	2	2235
27797	2	14082
27798	6	27799
1720	18	27800
12816	12	27801
27802	6	14913
25500	0	27803
27804	6	5460
428	14	27805
27806	6	26893
27807	6	9719
11898	12	27808
27809	6	10807
27810	2	17996
27811	2	27812
27813	6	27814
27815	2	24965
27816	6	4731
27305	0	27817
23290	6	27818
27819	2	6239
7112	0	27820
26626	2	27821
6564	12	27822
27823	6	9158
23023	6	27824
27825	6	8443
27826	6	20003
27827	6	2066
27828	6	27829
27830	6	13967
16600	2	27831
27832	6	5984
27833	2	27834
27835	8	703
27836	0	27837
27838	6	546
24575	12	27839
27840	4	225
27841	6	5230
27842	6	2519
14485	2	27843
19707	0	27844
2790	12	27845
17564	0	27846
21046	2	27847
27848	6	731
27849	8	211
27850	6	339
27851	6	17165
27852	6	1024
27853	6	27854
27855	6	6023
27856	6	7099
27857	2	26581
9726	12	27858
27859	6	20095
27860	2	19495
27861	2	27862
27863	12	27864
428	14	27865
27866	6	1083
20072	2	27867
27868	6	27869
22778	6	27870
23813	6	27871
27872	6	2137
27873	6	11483
10494	0	27874
27875	4	4447
27876	6	27877
27878	0	19084
27879	6	13411
27880	6	6023
27881	8	27882
27883	6	3637
27884	8	19446
27885	0	27886
27887	6	18851
8298	14	27888
8996	6	27889
27890	6	5198
27891	6	27892
7810	12	27893
27894	0	27895
27896	6	3110
27897	6	9321
27898	6	41
27899	6	421
27900	6	1519
27901	6	15845
1055	16	27902
27903	4	2971
27904	0	18761
20111	12	27905
27906	6	27907
4841	0	27908
27909	0	1878
27910	8	1600
13247	2	27911
7687	12	27912
26103	0	27913
12982	2	27914
27915	8	1681
26571	0	27916
27917	6	19973
27918	6	1681
8944	0	27919
27920	6	4920
27921	6	423
9007	0	27922
1151	6	27923
10867	12	27924
428	14	27925
27926	6	25565
380	12	27927
901	0	27928
27929	2	1670
20005	12	27930
127	6	27931
27932	16	14928
27933	6	13745
27934	6	1298
27935	6	18701
27936	6	835
20221	2	27937
27938	6	1181
27939	4	5855
27940	6	27941
27942	6	9465
5048	2	27943
27944	6	2989
27945	6	2575
27946	8	1681
27947	2	27948
27949	6	24072
22599	2	27950
27951	4	702
27952	6	338
25016	6	27953
27954	6	627
27955	6	1522
27956	6	12526
27957	2	12841
27958	6	423
20871	6	27959
27960	2	27961
27962	6	5903
27963	2	639
27964	2	6610
27965	6	8359
27966	2	4755
27967	0	26194
27968	4	5104
27969	6	8520
27970	8	27971
27972	6	14143
428	14	27973
27974	2	16878
27975	6	11292
1008	12	27976
27977	6	5507
27978	8	211
27979	6	7604
27980	2	3260
2595	0	27981
27982	2	7911
20870	6	27983
19745	6	27984
27985	6	7424
27986	6	11909
27987	2	3065
27988	0	10048
2216	6	27989
8399	6	27990
27991	6	10381
27992	6	495
27993	12	27994
15706	0	27995
27996	2	27997
27998	6	731
27999	6	28000
8942	0	28001
18222	2	28002
28003	6	421
28004	8	7449
28005	6	5314
28006	2	28007
28008	2	28009
28010	6	8096
28011	6	790
166	0	28012
28013	2	28014
28015	2	13407
28016	6	8359
28017	8	137
28018	6	8387
3653	12	28019
1720	18	28020
28021	6	26560
28022	6	3931
28023	6	15756
28024	0	22085
28025	0	28026
28027	6	28028
28029	2	21950
28030	6	353
28031	2	2365
22033	6	28032
20024	6	28033
28034	6	7414
28035	6	423
28036	6	25716
28037	4	2971
28038	2	100
9519	2	28039
22382	12	28040
28041	6	6498
12879	0	28042
28043	0	23624
28044	0	28045
22260	6	28046
28047	6	15502
28048	6	8878
18650	2	28049
28050	6	10104
28051	6	26322
28015	2	28052
28053	6	3193
27848	0	28054
28055	4	2122
28056	6	7984
28057	6	13321
28058	4	225
28059	6	8102
3345	6	28060
1014	6	28061
21199	6	28062
28063	6	2258
28064	0	28065
28066	6	930
28067	6	715
28068	6	7082
28069	6	4226
26589	2	28070
2180	0	28071
4393	6	28072
24938	2	28073
18080	6	28074
28075	2	28076
28077	2	28078
27170	2	28079
28080	6	18499
28081	8	1605
26674	12	28082
28083	6	1367
28084	6	18332
28085	6	28086
6122	12	28087
16489	2	28088
28089	2	20720
2474	0	28090
28091	2	15354
20007	6	28092
28093	2	12938
6	6	28094
28095	6	7575
11783	0	28096
2167	2	28097
28098	6	466
28099	6	495
28100	2	1299
28101	6	1719
28102	6	23462
28103	6	14801
28104	6	28105
28106	6	9290
28107	2	28108
28109	6	5474
9481	12	28110
28111	6	12756
28112	2	8277
28113	12	28114
28115	6	28116
28117	6	1263
14744	2	28118
428	14	28119
28120	6	10264
7613	2	28121
28122	6	28123
28124	6	495
28125	6	831
14648	6	28126
28127	2	4638
28128	6	5970
28129	6	1181
28130	2	8864
28131	6	7021
28132	2	21504
28133	2	1063
930	12	28134
28135	2	4604
16274	6	28136
28137	4	2122
28138	6	353
28139	2	18377
28140	6	9018
28141	6	335
28142	6	8334
28143	2	6622
28144	6	10884
28145	6	2733
28146	6	26068
28147	6	488
15393	6	28148
28149	4	851
10379	6	28150
28151	6	23170
28152	6	15358
28153	4	1565
27412	0	28154
28155	0	28156
1720	18	28157
28158	6	1310
28159	6	6615
28160	0	25111
28161	6	1165
28162	6	423
28163	6	7457
1257	12	28164
28165	6	7126
19672	6	28166
28167	6	8974
28168	6	11709
28169	8	4352
28170	6	1159
8353	0	28171
28172	6	2743
9124	2	28173
28174	8	7039
4841	0	28175
28176	6	1864
26471	6	28177
15430	2	28178
28179	4	12917
8511	0	28180
28181	2	18104
28182	6	423
28183	6	12015
28184	2	3632
28185	2	3194
1720	18	28186
28187	6	1460
901	0	28188
28189	2	20666
28190	6	3475
28191	12	24009
28192	6	335
28193	12	18373
28194	2	28195
1185	12	28196
4920	2	28197
28198	2	11568
28199	4	922
14171	2	28200
28201	2	27049
28202	6	21751
166	0	28203
10550	0	28204
28205	6	15713
28206	0	28207
10562	2	28208
9201	6	28209
28210	6	1240
28211	4	5152
4996	0	28212
28213	6	12027
277	2	28214
20227	0	28215
28216	2	18640
8454	12	28217
28218	6	4051
28219	8	16468
28220	4	6763
28221	6	25650
28222	4	5745
2829	2	28223
28224	6	17911
28225	6	25140
28226	8	211
28227	2	27739
28228	6	3906
28229	12	9423
6284	0	28230
28231	6	28232
28233	2	28234
28235	4	643
28236	2	28237
28238	6	10721
1720	18	28239
28240	2	12627
28241	6	2631
28242	6	23669
7305	0	28243
28244	6	2560
22524	0	28245
28246	2	17751
23813	2	28247
28248	6	12079
14361	14	28249
28250	2	26855
11924	2	28251
28252	6	5742
28253	8	16468
28254	6	22662
28255	6	28256
28257	6	495
28258	6	19897
28259	12	20965
28260	6	11483
19174	2	28261
14553	2	28262
28263	0	28264
28265	6	4365
28266	6	13398
28267	6	8584
17661	6	28268
14236	12	28269
24364	6	28270
22819	6	28271
166	0	28272
28273	6	6628
28274	8	1681
28275	2	15631
28276	8	1439
28277	6	14661
28278	6	10185
28279	6	3488
28280	6	28281
8849	0	28282
6248	0	28283
28284	2	12282
28285	6	3336
8371	12	28286
9462	12	28287
28288	6	423
28289	6	28290
28291	12	5549
28292	6	1181
28293	6	15038
1720	18	28294
428	14	28295
28296	6	5589
28297	6	6954
28298	10	6752
28299	0	28300
28301	2	22285
15515	12	28302
28303	4	1466
28304	6	2812
1306	0	28305
23154	12	28306
28307	6	1988
657	6	28308
28309	6	13529
13546	12	28310
28311	6	28312
28313	6	7694
28314	2	21871
28315	6	12790
28316	4	5855
28317	8	7560
28318	2	5022
28319	6	18816
20234	2	28320
28321	6	1819
13773	12	28322
105	2	28323
11778	10	28324
28325	2	3441
28326	6	1957
19665	12	28327
28328	2	5852
28329	6	95
28330	8	1465
28331	8	7914
28332	2	20617
4401	0	28333
28334	6	421
6493	14	28335
28336	6	4623
28337	6	255
28338	6	3816
28339	6	10265
8381	12	28340
28341	6	12421
28342	6	12872
28343	6	28344
14026	2	28345
28346	6	6954
28347	6	3847
28348	0	28349
28350	8	211
28351	6	6569
28352	10	16083
15873	12	28353
28354	2	24732
28355	6	11801
4648	18	28356
28357	6	28358
27442	0	28359
28360	6	462
28361	8	1367
28362	6	26440
28363	6	3398
28364	6	9272
28365	6	7808
28366	2	13195
28367	2	16946
28368	6	12025
28369	6	22777
28370	6	1181
28371	6	4703
28372	2	781
28373	6	12937
27673	0	28374
28375	6	423
12000	12	28376
28377	6	2015
28378	6	3764
28379	2	5555
28380	6	18981
28381	6	731
28382	6	353
28383	0	13443
28384	6	13986
28385	8	1221
21578	2	28386
28387	0	28388
28389	2	10202
5150	6	28390
25277	2	28391
28392	6	28393
16444	2	28394
28395	2	21239
28396	6	28397
28398	8	2177
28399	2	805
28400	2	28401
28402	2	28403
28404	6	1577
28405	6	1408
28406	8	4975
28407	6	2134
28408	6	1603
28409	6	20262
24529	2	28410
18298	2	28411
28412	0	17511
28413	6	25650
28414	6	16949
28415	6	4177
28416	6	6990
28417	6	5390
19042	2	28418
28419	4	7360
28420	6	5931
4648	18	28421
24467	2	28422
28423	8	8382
28424	6	28425
28426	6	698
7911	12	28427
28428	6	28429
28430	6	19388
28431	6	24965
28432	0	723
28433	2	9780
4956	2	28434
28435	6	8520
6528	6	28436
28437	6	1283
28438	2	22370
28439	6	5943
7864	6	28440
28441	2	21351
28442	8	1605
4829	2	28443
9931	2	28444
28445	6	15038
20831	0	28446
28447	6	3621
28448	6	3855
12292	4	28449
28450	6	21769
23668	0	28451
28452	6	7081
28453	6	3999
28454	6	423
3559	6	28455
9036	2	28456
28457	16	17936
10912	0	28458
28459	2	19094
28460	6	2058
25096	0	28461
21669	6	28462
28463	6	2033
28464	6	2233
13670	6	28465
174	2	28466
28467	2	22244
28468	6	1181
17677	0	28469
28470	6	423
28471	6	16410
28472	0	26532
4048	12	28473
26544	0	28474
28475	6	168
541	18	28476
9792	6	28477
28478	6	20548
28479	2	6950
28480	8	2425
19805	2	28481
28482	2	28483
15455	12	28484
28485	6	14925
864	2	28486
28487	2	28488
22282	12	28489
28490	6	6050
28491	2	3977
28492	2	24749
28493	2	10030
28494	2	15767
28495	2	28496
28497	2	9812
28498	6	2851
12557	6	28499
28500	6	683
28501	6	8102
28502	6	4234
28503	6	13963
28504	4	4079
28505	6	5168
17677	0	28506
28507	6	6612
28508	2	9743
28509	6	8306
3953	10	28510
28511	6	15806
28512	12	20417
28513	10	20539
28514	6	16700
28515	2	13987
28516	6	6810
28517	2	28518
28519	2	27109
6830	6	28520
28521	6	411
166	0	28522
27988	0	28523
1199	0	28524
28525	6	1747
28526	6	328
28527	12	17772
28528	0	22188
28529	6	13062
1214	12	28530
28531	6	3118
28532	6	28533
28534	6	11413
12364	2	28535
28536	8	211
28537	6	5120
28538	0	11851
28539	8	135
28540	6	7681
7309	12	28541
28542	8	4791
17257	2	28543
28006	2	28544
28545	2	28546
28547	2	25818
18023	6	28548
28549	6	16763
28550	6	7116
28551	2	9714
28552	6	5984
14719	0	28553
28554	2	28555
28556	6	18667
28557	6	15354
28558	8	26444
12631	12	28559
28560	6	20328
28561	2	28562
28563	2	18504
28564	6	41
8134	6	28565
28566	6	22777
102	6	28567
28568	6	1480
28569	2	24228
28570	6	28571
28572	2	28573
27877	6	28574
28575	6	8196
19402	2	28576
28577	2	3634
28578	6	16040
9959	12	28579
28580	6	23055
28581	6	12208
28582	6	12844
28583	0	17346
28584	6	12650
11571	12	28585
28586	0	26578
28587	6	1819
28588	6	6783
28589	6	14580
28590	6	1181
901	0	28591
28592	6	698
28593	6	27364
28594	4	225
28595	12	7384
28596	8	1681
6122	12	28597
483	8	28598
28599	6	28600
28601	6	28602
28603	6	12596
712	18	28604
28605	6	2452
13137	12	28606
28607	6	1181
28608	6	18189
28609	2	20053
28610	6	22565
28611	2	1945
10193	0	28612
28613	12	15624
28614	2	23930
28615	6	21685
28616	6	4568
3478	2	28617
28618	6	28453
28619	6	28607
12899	16	28620
28621	6	23015
28622	6	5421
28623	6	14901
28624	6	2354
28625	6	1181
28626	0	28627
28628	2	11029
28629	0	23412
15610	12	28630
28631	4	7468
28632	6	5395
665	16	28633
28634	4	9027
28635	6	28636
28637	0	25607
2036	12	28638
28639	8	211
28640	6	11878
28641	12	1231
28642	4	3253
28643	4	18887
28644	6	28645
28646	6	715
28647	6	1165
28648	0	19243
3313	2	28649
28650	12	28651
28652	4	225
28653	6	14540
28654	6	1842
5540	2	28655
28656	4	633
28657	6	5120
28658	0	28659
16193	2	24824
24687	2	8449
24646	6	4833
25063	6	13696
25069	6	6740
25102	6	5120
24603	2	20462
24802	6	1800
4654	6	24824
25054	6	4703
11456	6	25222
24896	6	19728
18464	2	24672
24594	6	16364
14885	6	24569
10465	2	24693
11400	0	25187
16374	6	24878
1993	0	24927
25287	6	41
24188	2	25026
17703	2	24924
25158	6	2009
5234	6	24837
4237	6	24872
24857	6	655
25749	2	5084
8843	2	25761
25347	2	9873
25606	6	7670
2358	2	25097
24867	2	19018
9168	2	24641
25060	6	10884
10180	10	25537
24900	0	17193
25711	6	21093
25602	2	435
25485	2	25484
25429	8	4101
25223	6	6958
1203	14	25514
25240	6	462
25876	6	2437
24973	2	2516
8730	12	25713
25120	6	353
25259	2	15354
25754	6	8528
7142	2	26113
3254	0	25148
25177	2	2695
11385	2	24882
25175	6	21397
7810	14	24901
5285	2	25072
25884	2	22944
15965	2	25879
16857	2	25479
24756	6	7891
24605	6	5821
24938	2	241
15477	6	25600
25655	0	8985
25352	6	423
26027	6	2851
9514	6	25128
10891	6	26281
25389	6	16605
25734	6	25242
24755	6	411
26281	6	14661
25347	6	495
25599	2	17832
24960	6	1531
13332	12	25559
5256	16	24868
25452	2	5860
25738	6	1555
24882	2	11385
19137	6	26214
24667	2	1448
26157	8	14058
25990	2	14675
25827	4	213
25425	6	6126
15546	0	25386
11372	2	25256
25496	2	24131
24626	6	704
17931	12	24630
17398	6	25199
21740	2	26387
1214	12	26463
25603	6	4257
16898	2	26511
19929	12	26233
25344	6	22432
13597	16	26249
792	12	26480
25049	2	16452
24687	2	15669
13492	6	25692
13154	2	24812
26487	6	7866
26152	2	4725
25866	2	2580
24945	2	1690
25187	6	7767
24779	4	10357
26405	2	12695
26406	2	22509
26575	2	23615
24633	4	18887
26802	2	14171
25874	2	25873
23475	6	26411
25070	6	6880
6571	0	25582
24776	2	7728
10525	2	24858
26115	6	19416
26409	4	1466
24724	6	4016
25568	6	8912
19986	6	25891
25321	6	11672
6493	14	26157
24994	12	16970
26031	2	10566
123	2	26456
24600	2	5017
4677	2	25107
25864	0	25773
25323	6	7774
16767	6	25600
24744	6	19810
8400	2	24570
25266	8	8714
9699	12	25408
21389	2	25819
8990	12	24891
25204	6	625
26727	2	26741
21729	6	26352
24655	6	10662
26566	2	9400
24846	12	25822
26618	2	340
25103	6	1003
26632	2	19776
8475	2	24667
24683	2	6040
26687	2	8011
26691	2	6666
3707	0	25689
11544	2	24640
26016	4	6293
24872	6	15970
26511	2	18828
25719	6	811
24234	2	27204
27022	10	17751
4856	2	26739
4126	2	25455
9701	0	26103
26651	2	26919
25362	10	13744
11337	2	25720
26117	2	26116
27135	6	335
25570	6	4705
22182	12	25357
8783	0	27023
23791	0	26573
12501	2	26621
26936	6	8443
25058	6	41
17658	2	24820
3058	12	26105
25522	2	12518
21908	2	24612
27084	10	13185
26843	8	211
25720	2	15092
27058	6	2418
9402	2	25973
25807	6	13325
13324	2	26154
25662	2	20711
26934	6	6656
22254	2	25010
2419	12	26724
22779	2	26958
15202	12	26178
7835	6	26164
22275	14	27220
26174	2	6185
3707	0	26047
25751	4	6293
176	12	24888
25618	4	225
15144	0	25768
19815	2	27206
26642	6	11527
13017	2	25455
4094	2	25980
2549	0	25217
27335	6	41
15677	2	27413
26925	16	26924
26921	6	2608
10650	2	27074
25858	6	2440
17513	6	27028
26734	6	1232
26389	10	3046
25479	6	152
25455	6	2973
26870	2	9274
25653	2	16915
26708	6	3722
26756	4	2485
9378	12	26123
25902	6	6069
25982	6	24033
26946	6	9555
27042	6	15379
22725	6	26952
26012	4	499
22412	2	27436
25068	6	5573
24637	6	2496
26333	2	1142
27551	2	11211
25681	6	495
27320	2	3444
24678	2	9367
25426	2	4446
26686	12	8319
27154	8	135
6206	2	27293
20112	14	26030
27537	2	20119
4273	2	26350
25266	4	2122
5703	2	25986
25521	4	5992
24575	8	4113
6700	10	25755
2738	6	27125
176	0	26938
23421	2	26040
24375	2	27501
2560	12	25052
26632	2	4648
25691	6	9491
8189	6	24659
24916	6	3540
3014	2	27917
23692	6	27521
13111	2	24590
3798	2	26278
27307	4	35
26026	6	5538
27313	6	17369
26499	2	2743
1316	0	24922
843	12	27592
10754	12	27199
5860	2	26350
24916	16	24915
16435	6	26368
27009	0	24122
27529	6	22492
26395	6	1775
26111	6	979
8	2	24605
27821	6	15272
25737	10	9303
24572	4	15981
24616	6	3992
13391	2	25806
12911	2	26315
17554	6	27055
11807	12	27808
24933	8	1605
12351	2	27714
2130	6	26994
26621	6	11362
24936	6	17757
24830	2	20346
18054	6	26267
8990	12	26897
27151	6	2268
25887	6	15538
15515	12	26006
10549	6	26907
26214	6	27720
25833	6	2015
26775	2	11569
1813	2	26121
26854	6	3518
9726	2	25693
27900	2	17792
27195	2	20956
26692	2	4920
26364	6	2150
18139	12	25512
24814	10	16548
26117	20	9160
1539	12	27610
24585	6	14692
25222	2	2067
24586	12	3138
12708	2	24966
25753	6	5691
24988	2	26043
16744	12	26033
25594	6	22432
26422	6	16736
27318	4	2247
6804	2	28076
26636	6	13473
25763	6	1219
25968	4	702
25690	6	625
28174	8	27529
762	2	26409
27020	6	5263
14690	2	25397
25247	6	14502
27472	6	1181
28155	6	1407
13719	2	26310
27372	4	11534
27128	6	5820
10976	2	25949
24146	0	27515
7123	2	28100
18411	2	25554
15515	14	25969
27081	2	9486
712	18	28036
28121	6	466
26171	6	8618
26679	6	9385
24967	6	1083
3611	2	25046
27819	6	5157
25204	0	9449
28019	6	11447
27435	2	27534
25717	6	3722
23044	2	27301
18640	2	28216
27395	2	9514
6342	12	24991
25069	12	23650
27074	6	20201
25825	6	24118
27039	2	18482
12568	6	25011
26008	4	225
26612	2	1825
28291	12	8875
166	0	27647
17525	2	28128
11458	6	25523
28067	2	15813
27572	2	6083
26567	2	26566
28357	12	468
6153	2	24998
25396	2	20979
28193	4	225
25642	6	1468
27538	2	1037
25712	2	13563
8867	6	24584
11334	10	25784
25897	6	12001
27244	6	17543
1410	10	25692
27758	2	16094
1291	0	26240
11626	6	24824
24615	2	20478
24643	6	17070
26694	6	495
25070	2	25069
25532	6	11922
25123	6	1544
5534	0	26677
27772	6	2617
28472	0	16851
12090	2	25415
27645	2	14401
28074	6	8862
28384	4	1441
24810	2	14467
25191	6	41
28015	6	1907
8593	6	25581
25045	2	18972
26015	2	9896
24505	6	28458
28160	6	187
28339	2	8505
27048	2	27047
28345	6	9536
25370	4	12603
21756	2	25548
25424	6	466
9573	16	25449
25817	6	3409
26520	6	14593
27072	6	7943
25305	2	5799
1969	10	24814
9150	2	28345
27346	0	18289
28087	8	2025
25362	10	19500
25137	6	423
28291	12	21599
25540	2	25539
24835	6	3649
21265	0	25656
28479	12	18713
5035	0	25444
5943	6	28021
22140	0	27502
20255	6	27038
26743	2	19677
26033	2	25080
908	2	26044
12677	12	25452
27433	6	11687
18252	2	26681
26986	6	267
14428	12	26871
27443	4	225
15601	12	26147
24980	2	4214
28100	6	1300
26081	2	4385
23952	0	25336
28390	6	8897
20692	2	25139
1116	2	26005
5850	2	27948
26517	2	15527
22285	2	28301
2419	12	24630
27067	2	27066
14450	2	27265
6688	6	24954
28281	6	25402
16152	2	27094
25703	6	2015
26258	6	1645
26413	6	423
24678	6	9892
18068	2	27666
16822	6	24641
27204	2	21074
26333	2	23284
24942	6	21123
5560	16	27201
27315	2	24733
25764	6	2569
25601	2	21699
27312	4	2462
7846	12	24720
14387	6	28061
25376	6	22786
27960	6	9648
13633	2	28502
25700	4	2418
18031	12	27755
24145	8	24963
25996	6	26182
24842	6	125
28596	12	688
6982	6	27354
6752	10	28298
25094	6	731
27325	2	2529
9858	2	25979
1368	6	26927
28041	2	17260
2753	12	28596
176	14	27612
26464	2	4130
28130	2	24636
11990	0	24931
1993	0	26892
27253	4	158
12589	6	25185
27150	6	19551
27960	2	15197
3165	0	25981
19665	12	27666
27964	2	11946
28554	6	10978
18792	2	27966
25099	16	25098
26683	4	6763
25201	6	5587
27869	6	19808
27083	8	3831
435	2	25602
28261	2	19174
23726	6	28514
26970	2	592
27426	6	900
4465	8	27391
25699	2	6467
26361	4	851
25732	6	13408
26946	2	26775
14459	2	27555
28234	2	28233
28446	12	20411
27708	2	40
1918	10	28411
27011	6	12025
26951	6	6697
26199	6	125
27966	6	18730
24690	2	16844
9882	6	26643
25692	2	21621
19101	2	26974
28094	2	3533
28655	2	26511
21661	0	28057
26695	6	1581
25508	6	27382
11293	0	27043
26039	2	13704
27535	6	25712
20792	2	24961
28194	6	8228
28648	6	698
805	2	28399
27551	16	10821
1608	2	25413
25791	2	25790
19221	10	25737
22068	2	28089
26318	6	20991
28282	6	6115
10025	2	26249
25874	6	599
26091	6	655
13852	0	27492
27396	6	778
718	2	26053
27365	6	698
23763	2	27589
14380	2	24948
26371	2	13112
25985	6	1841
27548	8	311
26146	2	4311
25564	6	1410
26648	2	968
14166	2	25196
27538	6	2207
25747	8	8382
27294	0	14403
24875	6	466
8864	2	28130
12506	2	24858
9010	2	25090
25622	6	1502
7666	2	27128
26974	2	15275
15768	0	24865
100	2	28038
10684	6	27396
24859	6	5336
21621	2	25808
26837	2	16926
1139	0	27556
27665	6	3722
28643	6	13738
16778	2	26113
27902	16	1055
26433	6	20260
26448	2	10253
21782	0	28472
26410	8	2177
6080	2	25286
176	12	26904
27105	2	19067
25104	4	2485
25635	6	3621
25449	16	9573
26629	6	10483
10475	2	27737
25565	6	5439
27655	6	698
26775	2	6215
20859	6	27018
24644	2	3639
2365	2	28031
26348	6	2110
27364	2	17704
24824	2	14154
3222	0	27216
8046	2	27792
19220	2	26628
26039	2	11333
1720	18	28413
18351	6	27447
27844	6	462
26572	12	25310
24640	2	11544
28509	2	19781
9481	14	26458
26925	2	23730
25720	6	12649
26760	2	5615
4173	12	25750
13154	2	26869
27579	6	5820
26400	0	27056
25659	6	1433
24733	2	803
21769	2	27826
25733	6	2058
15924	8	26444
27979	6	8974
26502	2	17815
28328	2	17509
24866	6	4186
21513	6	26381
10483	2	27672
24640	6	9587
344	0	26995
989	6	25199
25079	2	13684
27416	8	6297
25263	6	8108
26238	6	5596
25324	6	4180
27423	6	2594
28433	6	495
28459	6	767
1710	0	27468
28567	2	3766
10979	2	28177
7561	2	28140
23140	2	26913
28193	6	6656
27313	0	16838
19495	2	27860
8478	2	28366
176	12	26071
27966	2	18792
1017	6	25957
24993	8	211
23439	6	28403
26792	2	18111
15189	0	27724
25699	2	4250
24819	6	9352
8099	2	26807
25006	2	22722
24746	6	6142
9649	2	26456
28310	6	5456
14723	6	24878
26590	6	5891
26501	6	8387
28136	6	1881
774	0	26395
27237	2	8720
25734	2	18759
15540	2	27550
25774	2	24730
27812	2	27811
27681	6	1662
21946	6	26368
2550	0	26620
24615	6	12601
12847	2	24636
27916	6	13121
28245	6	1462
27768	2	19122
28048	4	12603
24187	2	25027
12915	12	24767
2892	6	24600
25378	6	6656
1399	12	24835
7084	2	27596
3066	6	26412
6076	12	26468
21970	2	28407
4392	2	28072
25523	2	26502
28422	2	27265
26434	2	4018
5726	0	27788
6242	2	24674
8230	2	25796
22094	6	24896
6153	14	25867
27656	6	3720
28237	6	28262
28251	6	6332
23554	2	27768
25251	6	28136
27726	4	851
27434	6	9441
25494	6	9866
24871	12	26926
24813	4	225
27452	4	5855
17930	10	25220
14119	6	25889
25391	10	14044
27762	2	9681
6564	6	25985
18399	2	28032
26414	2	696
6437	12	25623
15897	0	26325
27189	2	10101
10425	12	26276
15197	2	27960
27927	8	1439
1291	0	25854
25576	6	3071
27370	6	27258
27674	6	421
10654	6	28062
12562	2	25192
25270	6	21907
26574	6	9831
25440	6	680
276	6	28214
292	12	28179
24768	6	2519
26857	6	5156
27226	10	7945
15897	0	26849
25716	6	6760
2733	18	27256
27707	12	1224
13060	2	28501
27858	4	6763
26949	2	15580
25371	2	4832
24734	6	589
6283	0	26307
28486	6	2971
4085	2	27711
25559	12	7193
27547	2	6731
21730	2	26881
8293	2	26965
21335	6	28086
6629	6	25803
24979	2	23548
27292	6	10336
25384	6	783
6072	6	27936
25862	6	24417
19016	6	25172
28125	2	14878
3956	2	27935
25812	10	27021
27440	6	423
28374	6	421
436	0	24648
27017	6	7457
22188	0	27099
1415	0	27316
27642	2	26839
3737	2	25434
28198	6	1410
25380	6	4186
26394	2	21897
28635	2	8439
27064	2	24684
26675	2	8886
10030	2	28493
18382	6	27432
184	2	27355
25986	2	5704
15078	0	27406
16020	0	26518
2201	2	28564
26865	6	5757
25559	12	20451
27015	6	3896
428	14	24582
27281	6	14407
8785	2	25521
22459	8	27567
27009	0	14290
25725	6	10282
26313	2	19227
25090	6	11483
14453	6	27058
24576	8	4113
26376	6	25281
17269	0	26196
25721	2	18708
24569	2	14886
8771	2	25347
4597	12	26703
966	12	25025
14767	6	27403
26691	16	16579
24586	6	3102
13684	2	25079
27301	6	4098
1849	0	25150
10356	2	25077
19084	0	27346
1642	0	25832
28270	6	28560
12375	12	26743
26610	12	5717
3797	2	26890
27830	4	444
26493	2	17487
28492	4	851
5173	12	28193
27124	6	742
22086	2	26134
25549	8	7449
25928	0	23483
23456	6	24795
25811	2	3271
3814	6	24937
3230	2	27027
1277	6	28304
25684	6	10944
24713	2	24712
28031	6	13459
27834	2	7979
24962	0	2440
6666	2	26691
25393	2	5502
9746	12	27290
24798	6	5806
18669	0	26543
26324	2	12200
27144	6	462
25422	2	5181
25250	2	23031
24035	6	27351
28060	2	12288
6600	14	26037
17544	2	26636
1447	2	25403
24747	6	3743
633	2	25587
20435	12	24586
27196	2	20469
27932	16	16166
16616	2	26059
1142	2	26333
1369	2	28373
24774	8	211
21654	6	25011
28438	2	2822
27181	4	225
28602	6	20872
3533	2	28094
24581	6	495
23622	6	26560
26219	4	5854
5034	6	27546
26465	6	17654
25659	2	2374
1912	12	26975
25819	12	1342
25923	2	250
166	0	27958
3380	6	26559
27197	6	2247
16578	2	27382
366	14	25797
26779	6	25335
25724	6	22734
25976	6	5155
1997	12	27897
25591	6	26510
25440	2	25439
1720	18	28221
7050	2	27334
6358	6	26267
24777	6	2328
27929	2	9397
12638	0	28326
5356	2	24655
16847	6	28213
290	0	28069
27572	2	22363
22160	0	27134
26562	6	13161
25371	6	16040
27179	6	1165
8886	2	26675
1278	12	26535
28305	6	353
26394	6	14079
25139	2	7126
28247	2	23813
24570	2	8400
27741	6	20909
10033	6	25600
24768	2	907
28206	6	462
9422	6	27429
26948	0	1922
25545	12	12638
28571	2	1754
11164	6	27539
25600	2	4974
2200	2	26729
6578	0	25525
24773	6	16626
26364	2	16089
28105	6	11839
25314	6	1988
25218	6	9263
26309	6	8528
28656	6	6023
27168	6	21789
25059	6	4538
5607	2	27589
27057	6	13062
14079	2	26492
4643	4	26124
25067	4	9247
27027	2	3230
28474	6	3722
380	12	25246
25312	4	11958
13810	2	26281
25737	10	19221
25402	6	19219
6006	2	27246
24226	6	26615
27266	6	546
1278	2	26536
26925	6	7507
636	14	26156
3453	2	27965
14557	2	25636
26400	0	21682
6040	2	24683
25230	6	2015
25495	2	9811
15837	12	25826
6341	0	27632
26669	6	17646
26623	6	3958
27410	2	4596
27689	2	15138
25712	6	21739
4567	6	27301
14128	2	27368
3477	6	28022
25828	6	9684
28202	2	14098
25660	6	14576
26602	6	18908
16116	6	24995
28118	2	14744
2743	2	26499
25244	8	211
24816	6	19977
6569	6	24641
10622	0	28537
25166	6	731
26849	6	423
12507	0	27499
25605	4	14581
24846	12	10903
25149	6	423
26602	2	11657
25486	2	13329
24719	6	5456
16939	2	25748
26043	2	24988
16907	2	26999
25208	6	1775
27907	6	14895
26605	2	13946
25007	6	6608
26339	6	731
28084	2	7090
24833	2	1766
24948	2	3046
15527	2	26517
26624	2	1447
27914	6	1445
19537	2	28092
8942	0	27412
24621	0	7664
2103	2	27136
25949	2	25948
1097	6	26707
26174	2	22635
28294	6	6329
28199	6	12194
11093	8	27403
27739	4	499
21317	6	26347
28469	6	1775
25778	0	12103
24961	6	707
25165	6	495
21871	2	28314
26610	2	7323
25286	2	6080
25249	6	19274
9090	6	26570
28655	6	2919
17019	8	24626
28466	2	175
151	2	27339
28572	6	13942
27026	2	6813
27560	6	423
9006	2	27758
27918	2	11723
25801	2	17628
28494	2	21270
28088	2	16489
27728	6	14816
12682	6	26575
12282	2	28284
19146	6	25692
27870	6	19491
6773	2	24649
27437	2	7293
26349	0	14255
25151	6	1739
166	0	28470
26997	6	10372
26940	6	22454
27330	6	1214
19018	2	24867
24694	6	15833
4832	2	26911
6755	2	24998
24284	2	27211
25327	6	1196
25235	2	12243
5160	12	25968
13859	2	27265
27743	0	6721
23821	12	27625
27293	2	6206
27302	6	11801
26566	2	14060
25013	2	16337
4914	2	27542
10977	6	26818
26227	6	19569
9141	2	25519
27578	6	411
11074	2	25872
6564	12	26734
27111	6	11985
24127	6	26643
27209	2	16635
2181	6	28071
24869	6	4703
16304	2	27964
18492	0	25204
17046	6	26340
26669	2	13246
28291	6	7116
25121	6	9123
26943	6	14723
26883	2	15038
15384	2	25511
26870	6	12215
27519	8	211
27939	6	27987
26400	0	27262
3493	2	25184
10893	6	27228
25471	2	24583
26204	6	3207
25452	6	15970
28621	12	10965
25182	6	15367
25006	2	24058
26558	8	11193
26400	6	1165
24569	2	21720
20663	2	28038
6504	6	26267
24826	6	1410
6009	14	27861
25660	2	20243
25980	2	10891
26259	4	225
13335	0	26960
5511	12	28249
25087	2	15694
26853	6	16319
27275	6	1407
11493	12	24630
24865	0	1715
24711	6	10294
26622	6	4327
25182	6	22662
16579	16	26691
12667	2	24733
28177	6	41
27533	20	3197
25184	2	3493
21256	2	27004
24964	6	11068
24619	8	211
8484	2	27051
26773	2	18231
25723	6	21193
27310	2	9081
26186	2	26185
1720	18	28601
1902	8	27976
26722	6	15263
1720	18	28463
5000	0	24921
20519	2	24974
24294	0	26560
28391	2	13966
26013	6	3887
8505	2	26997
28118	2	12324
6061	2	26705
26264	8	13250
24883	2	24882
1993	0	24913
25434	6	6627
27981	6	2531
14095	2	28494
25523	6	41
28173	2	9124
26539	4	3503
12964	6	25332
22944	2	25884
25366	2	7774
14242	6	26570
24282	6	25857
23635	0	24935
8990	8	28598
7245	2	26021
1642	0	26190
26126	6	16433
27568	6	8013
25260	6	11078
26986	2	235
27936	2	518
28128	2	17525
28539	8	211
28655	2	16899
13176	6	26587
24962	0	25686
26544	6	2015
27504	2	23651
24741	6	1181
1140	0	26867
18872	2	27965
27020	2	2026
18252	2	28183
11463	2	26470
1720	18	27230
9481	14	28122
7522	2	24972
26209	6	27432
24838	2	14911
27329	6	1109
259	2	26313
27478	12	18402
26651	6	6739
27870	2	9814
25131	2	27414
1896	2	27446
2516	2	24973
24862	2	17113
14807	6	25911
27045	2	13412
25190	6	16850
26350	2	3548
1754	2	28571
4209	0	26069
25199	2	8898
28073	6	7227
9486	2	27081
17792	2	27900
26592	6	7764
27305	6	731
19310	2	28642
27957	6	13509
28422	6	246
563	6	26227
27618	2	27617
373	0	26900
27197	2	27196
13007	8	28598
25987	8	4529
26706	6	731
25362	2	4707
27129	6	5294
27624	6	474
14702	2	27853
27311	10	27310
3271	2	25811
24701	2	15325
26183	2	18550
28506	6	1775
17322	6	26816
15523	0	28382
20577	2	26036
21019	2	26039
2082	12	26365
25377	6	6656
26954	6	26069
26419	8	18062
27025	6	1839
26958	6	27870
17931	12	25265
25080	6	10884
24867	4	17044
28519	2	25653
4920	2	26692
13586	6	28022
12833	6	28177
24628	2	814
25815	8	7611
28286	8	211
27309	10	3077
28079	2	27170
20169	6	28271
28086	12	17350
27197	12	13350
27143	6	6656
26900	12	13036
9740	6	26928
3163	2	27488
26036	6	3119
14813	6	25862
25647	6	4966
2826	2	26846
28044	6	6115
26138	6	18931
27174	6	14231
26621	2	21668
25363	2	17487
27165	6	12829
26746	2	9696
7763	12	26592
9625	6	25636
3712	2	25691
26388	12	2710
27846	6	1181
6007	6	25185
28385	8	135
4981	0	27923
4413	6	24618
5919	2	25058
25242	2	17695
26521	8	311
8266	6	28312
26746	16	13459
28086	6	9727
26180	6	353
7902	10	28379
26937	2	4604
28290	4	851
24702	2	26189
25440	2	27415
26765	4	9414
25737	10	5606
14938	6	25259
14404	0	26457
16875	2	27437
24829	6	1852
27664	6	731
9159	12	26274
28481	2	19805
18121	6	28322
15059	6	28074
27071	8	9393
27441	2	19657
25095	6	16756
25837	0	3836
25142	2	21510
26109	8	691
1792	2	28016
1203	12	26453
5139	0	24878
24100	12	28019
6304	6	28192
25810	2	7016
25248	6	2040
25543	6	3916
24823	8	1053
10406	2	26759
27297	6	12125
26474	2	26473
27965	2	3453
4048	12	25547
16052	2	25957
22958	6	28514
27021	10	25812
26184	6	4625
21181	12	26785
27914	2	12982
17908	2	27522
27160	2	961
25701	8	10070
26939	2	7777
27885	6	2000
11360	2	28049
24752	6	8132
901	0	25113
28229	12	23466
27307	2	9281
25818	2	28547
28065	6	335
27794	6	10632
1238	6	24612
26890	2	3796
6950	2	28479
3928	2	25463
13966	2	28391
13621	2	26823
19152	2	26223
24756	4	702
13459	16	26746
27598	6	1012
28466	6	9439
24924	6	382
2501	6	25041
24650	6	731
23604	2	26088
2833	0	26236
26069	6	335
10145	0	26153
24858	2	10525
21450	2	28405
6283	0	24621
9367	2	24678
1783	2	28364
26655	6	4530
26705	2	7393
27466	8	2006
27234	8	7560
12414	0	27079
21270	2	28494
26473	2	8519
3781	16	26256
23791	0	27646
8650	12	25770
25147	2	25146
24929	2	5560
430	16	28266
28039	2	9519
9800	6	25956
7297	2	28378
25266	8	3844
27591	2	25579
24591	2	4128
13110	2	26093
250	2	25923
26575	6	8924
26427	2	11167
26173	2	27341
27009	0	20121
4674	2	27407
27142	6	7883
28073	2	24938
4382	2	26911
26631	6	3855
26076	6	2258
27929	6	4959
26917	6	7387
7279	12	27598
24980	2	8315
26174	2	24710
166	0	27328
25819	12	18402
28579	8	991
27117	6	11413
27948	2	27947
28271	6	125
380	12	25756
24656	2	27084
27299	4	499
24925	6	14541
28596	12	13672
25879	2	15965
24699	0	18354
8096	2	26851
17146	2	26691
26132	2	5666
12819	2	26651
21401	2	24751
27151	2	24398
5802	12	28350
14973	2	27347
1508	12	28595
2822	2	28438
27237	6	23106
20560	0	25493
2713	6	27900
27065	2	13471
28201	6	17856
9950	6	26746
24663	6	495
6293	18	28356
25228	8	28211
14250	6	25128
3915	10	28510
11285	2	26614
25626	4	1264
26810	6	465
3086	0	24822
28657	0	986
6437	12	24991
1222	18	26595
27740	6	15448
27162	2	26623
27142	2	7884
5560	2	25424
11225	2	26726
27003	6	14259
3083	2	27815
25621	6	12502
13737	2	26903
24569	6	7880
27344	4	12580
27541	8	1681
27178	6	14918
20598	2	26263
3981	2	26174
27132	4	1144
342	0	28658
24797	6	2391
24780	6	12985
27843	2	14485
26581	2	27857
1825	2	26612
26877	6	18730
1720	18	26661
27662	4	1144
25806	2	8156
8873	12	28613
8552	2	24790
3340	0	25934
28281	4	26099
4707	2	25362
27644	2	13602
3564	2	27307
26093	6	10419
25780	2	12354
9580	6	25090
2977	2	26705
25449	2	25448
26132	2	14006
26023	6	335
5193	6	27445
2794	2	26460
28596	12	11826
26615	2	21215
28123	2	24547
25602	6	28062
28085	12	17562
23858	6	27535
15417	6	25899
27621	2	5533
25456	6	4126
11129	2	25799
26154	6	4099
26146	6	12601
25808	6	3896
28142	2	6504
27673	6	3722
24365	2	24704
28655	2	5540
27465	2	7285
15392	2	25128
27965	2	18872
9606	0	24873
24859	2	8396
25355	6	1921
24713	4	1144
24157	6	27162
25265	8	3544
22647	0	25451
27438	12	5492
49	2	26844
27063	6	23849
1202	2	27602
25876	4	9610
24579	6	2015
5951	2	25191
24586	6	7706
11863	6	26284
27943	2	5048
9703	2	25382
24761	6	1690
27116	0	18371
27081	4	633
26189	6	711
26230	6	1219
25147	6	70
25396	6	7613
19785	6	27192
2934	2	25573
25219	6	25281
28063	6	11030
24586	2	18416
27964	4	225
25979	2	9858
27430	12	22612
639	2	27963
26003	6	25140
26227	2	22908
342	0	27113
7884	6	27698
12448	6	25688
25141	12	9426
26894	6	1181
25861	4	2247
18290	6	26665
27448	6	8861
27010	8	1605
12255	6	25884
27718	2	5982
27596	2	7084
27672	2	5769
27791	4	1466
25823	6	495
6122	12	27771
28079	2	10186
24600	6	14322
14878	2	28125
27500	0	14611
25408	8	211
24827	6	2207
21481	6	27094
7382	2	28010
28408	2	14473
27767	2	12341
25189	4	225
25027	6	22782
14371	6	25449
27743	0	11174
27331	6	2424
2346	6	24967
28567	2	19227
28513	2	21795
27676	6	2866
1905	0	28657
10537	6	25251
25511	2	15384
13689	2	26254
18231	2	26773
27487	6	19413
4841	0	27904
24700	2	21438
24801	6	17271
27024	6	335
26053	2	718
27099	6	4226
16548	10	24814
17078	2	28243
25231	6	2015
25160	6	8096
26617	4	5202
27443	4	702
25955	4	851
25654	6	7224
28027	4	21252
26718	0	4162
18319	2	25755
28645	2	11923
428	14	26324
28479	4	2076
27090	6	1181
8723	0	25703
27301	2	7801
24838	2	326
28613	12	13465
14415	2	24815
25680	6	795
15689	6	26380
24048	2	24794
9583	6	27882
9509	12	27835
27281	2	9782
26019	6	10286
14247	2	26359
27010	12	1856
25100	6	10130
25502	6	20331
27768	2	23554
24120	12	27795
27861	6	5226
25813	6	10556
26563	6	698
25406	6	3722
24750	6	698
9681	2	27762
5696	2	25192
24893	6	423
541	18	27464
6509	6	28050
8480	2	27121
1023	2	28617
27919	6	3207
27783	2	680
5282	12	25545
26441	2	8768
27837	6	16756
12827	2	25126
26511	2	28655
18454	6	26392
26228	6	328
25052	12	5892
25146	6	7979
27209	6	10558
24967	2	17016
25707	2	25706
428	14	26875
28585	8	1600
28	6	27871
27206	2	2919
13842	2	26488
25488	6	21087
23623	6	27413
17751	10	27022
25980	2	4094
12659	2	25876
26216	6	423
16385	10	24977
17319	2	27621
28614	6	15669
26310	6	17456
26770	6	8052
26733	6	14716
26590	2	11207
26348	2	7314
27011	2	18387
25273	2	10798
40	2	27708
1686	2	27296
26315	6	8450
27602	2	1202
25448	2	9573
27201	6	2375
6284	0	28271
26889	6	246
27525	2	8145
23605	6	26961
6648	0	25837
25138	0	22214
22458	8	27403
25617	8	4113
27963	2	20065
12108	12	25835
26290	6	7514
11317	12	25905
27113	0	5348
25320	6	279
6514	0	27327
21989	6	26789
24788	6	8978
6625	6	26198
26335	2	16704
22782	6	28136
11569	2	26775
27607	6	3872
26162	6	2015
5938	6	26691
9946	6	25281
26164	6	3493
20196	6	27823
25307	8	12995
14079	2	27772
24547	2	28123
28527	6	14190
27699	2	21731
25499	2	16680
24660	2	9253
26988	2	3244
27904	6	655
25427	4	922
28422	2	15386
4233	2	27161
26155	2	26154
6859	6	25455
12341	2	27767
25233	4	1959
24584	2	7300
11207	2	26590
26630	10	8055
26655	2	4388
7117	6	25868
15556	12	28110
28598	6	2665
27070	0	15519
28268	6	8527
5022	2	28318
25337	6	6192
27314	6	2015
28642	2	19310
25686	0	15317
25964	2	14764
28212	6	2000
28434	2	4956
25311	4	4094
4730	6	25376
21365	6	24744
27793	6	4800
28032	2	18399
26240	6	4317
4833	2	28247
4388	2	26655
21518	6	24782
3706	14	26109
26867	6	462
27359	10	11261
27818	6	10944
21239	2	28395
26155	2	6840
17811	2	25274
27572	6	1864
28403	6	7424
24678	2	2214
28290	6	2655
15831	2	26741
24004	6	25830
27948	2	5850
10872	6	28453
26178	6	9719
15257	16	28233
9106	0	26065
28126	6	7459
3194	2	28185
2284	6	28636
24867	4	10891
27763	6	20440
26924	6	11825
3932	2	25117
6678	6	25692
25633	2	14504
24774	8	135
10860	2	26604
19287	0	26750
5235	2	28173
28421	6	10776
26584	2	24830
1291	0	26482
25459	6	7414
28425	6	3110
24807	6	16854
13728	2	25321
28178	6	20337
25803	6	261
25740	2	858
26632	6	13891
14437	0	27275
25640	0	116
9437	12	26045
27619	6	12241
27173	6	411
27943	2	2750
6026	0	25385
8563	0	25096
27166	2	27165
24710	6	2788
27984	6	13337
24622	4	15102
27129	2	17237
25189	6	7698
24987	6	11388
4601	0	28387
25839	6	11034
2371	10	26470
25882	6	335
8333	2	27501
366	14	28295
6052	2	27591
18933	6	24824
11657	2	26602
26456	2	123
5873	12	28034
27362	6	6880
26136	6	548
8271	0	28619
11656	2	26138
172	12	28307
28120	2	4325
6200	6	28148
1063	2	28133
19440	12	27496
6960	2	26827
5231	2	26974
24612	2	21908
27379	6	8239
27470	16	17528
26381	2	15056
25247	2	19681
25968	6	4482
4565	12	24991
27147	6	3861
26270	12	5813
28617	6	4678
28609	4	3532
26063	6	2015
28432	0	22600
25363	2	26493
27456	8	27976
25505	6	8359
3132	6	26754
428	14	27256
26903	2	13339
26076	6	24669
25965	6	462
28173	6	7068
28323	2	3611
26158	2	19298
28262	2	20713
22095	2	26182
14102	0	26981
7404	2	25718
24338	0	26106
27296	6	2880
27470	6	41
25503	6	7222
25463	6	6078
24551	2	25414
27054	2	27053
24812	6	17695
25237	6	3710
11460	12	28511
25853	2	25852
4210	6	26069
28069	0	6408
26811	2	23603
25246	8	1439
27614	2	4034
5488	0	24946
25233	2	18113
28093	6	27467
26769	2	17571
24907	6	423
16501	2	25073
10124	0	28255
5732	0	26250
28088	4	15981
28434	2	19709
27791	2	27790
25726	6	18557
28371	0	901
14073	2	24832
901	0	28299
27645	6	1109
24679	6	625
26221	6	6062
28576	2	2563
27395	6	1050
9685	2	26692
27603	2	24044
27101	4	3253
4128	2	24591
28112	2	10729
27362	2	5102
25554	6	5582
24951	6	10853
24764	4	643
27537	2	15602
26881	2	21729
24825	2	21408
24609	6	12042
28212	0	24441
24827	2	18367
26068	6	159
25199	6	23789
27297	2	19901
11854	2	27232
28227	6	8100
9281	2	27307
5672	0	27836
27376	2	23794
28394	6	13800
28551	6	10842
300	2	27786
27657	6	12958
24953	6	1525
26097	2	1852
28637	0	5773
26283	6	25222
2067	2	25222
9874	2	28541
12105	10	27264
28234	6	21269
12197	6	25586
26021	2	18910
18641	6	27793
28459	2	845
13158	2	24801
24454	0	26056
27082	2	12757
27527	8	13361
28544	6	6435
26753	6	20594
28541	4	5855
26684	6	3207
27990	12	22747
541	18	27507
166	0	27577
27215	6	11186
13539	6	26391
1902	12	25547
27296	2	1686
24763	6	12991
24921	6	4703
27061	6	1983
25496	8	25477
25479	2	24430
22682	6	25145
26408	8	2025
15602	2	27537
25080	2	26033
28132	6	1690
24578	2	24577
26055	6	2407
11493	12	27498
