28660	6	28661
17987	16	28662
24816	12	28663
28664	6	4613
28665	6	8408
28666	2	10930
28667	2	16647
5672	0	28668
28669	6	631
14897	0	28670
28671	8	1053
16121	2	28672
28673	0	28674
28675	2	12935
28676	6	1165
28677	2	5518
14519	0	28678
28679	2	17784
28680	6	12039
28681	4	18887
28555	2	28682
28683	16	11029
28684	6	2989
428	14	28685
28686	6	1264
28687	6	4025
28688	6	4636
28689	6	24780
28690	6	28691
28692	2	12695
1164	0	28693
28694	6	28695
16609	0	28696
21379	2	28697
6122	12	28698
28699	2	7457
15617	6	28700
28701	6	795
28702	2	4352
7198	0	28703
26000	2	28704
28705	4	11207
28706	4	935
20686	12	28707
28708	6	1801
28709	6	1109
712	18	28710
22777	2	28711
28712	4	3221
28713	6	698
28714	0	28715
28716	0	28717
28718	8	1540
28719	6	21172
313	2	28720
28721	6	518
28722	6	8919
3538	2	28723
28724	6	28725
16395	2	28726
10489	12	28727
16320	0	28728
28729	8	1681
20324	12	28730
18133	6	28731
28732	6	207
922	12	28733
28734	6	28735
7830	2	28736
28737	6	20456
28738	6	18464
28739	6	1775
28740	6	16003
28741	4	1240
28742	6	2452
28743	2	19592
28744	6	1181
28745	6	5379
28746	6	10024
28747	12	13970
28748	0	17273
28749	0	9048
28621	12	28750
28751	12	28752
28753	6	8844
618	12	28754
1196	2	28755
28756	2	5620
28757	2	6052
28758	0	28759
28760	6	1165
28761	8	7704
17371	2	28762
28763	6	110
28764	6	8443
28765	0	28766
1214	12	28767
1905	0	28768
28769	6	1673
28770	2	28771
28772	4	5152
28773	4	6828
28774	0	28775
28776	6	411
28777	8	1367
28778	6	423
10524	2	28779
28780	6	3954
28781	6	1577
28782	6	704
28783	2	9894
28784	6	2056
314	0	28785
28786	6	9672
28787	6	28788
28789	6	6252
28790	0	9252
28791	2	28792
2220	2	28793
9603	2	28794
28795	4	225
28796	6	3207
26360	0	28797
28798	6	10502
28799	6	12913
28800	6	353
28801	6	15631
28802	6	8287
28803	2	24084
8652	2	28804
28805	6	21598
28806	6	7126
28807	6	18994
22237	0	28808
7783	2	28809
28810	6	335
28811	6	731
28812	8	1681
28813	4	6254
28814	6	731
28815	6	3722
28816	4	2560
28817	6	28818
28819	6	1504
28820	6	26134
28821	6	137
28822	6	1681
28823	6	19927
22924	2	28824
28825	4	499
24753	2	28826
28827	8	2005
28828	6	28829
28830	6	28831
28832	6	28833
28834	2	28835
28836	2	26763
28837	0	18278
28838	2	24
28839	6	28840
21297	12	28841
28842	6	1312
28843	6	5583
28844	6	192
428	14	28845
28846	6	6962
28847	6	27990
28848	2	15478
23906	6	28849
28850	2	28851
28852	2	5269
28853	8	2939
27100	0	28854
28855	6	16086
20685	2	28856
28857	6	423
28858	6	8974
28859	6	6683
28860	12	28861
28862	6	544
28863	8	1681
2178	2	28864
28865	6	3722
28866	6	10553
19833	2	28867
28868	6	28869
28870	6	655
28871	16	28662
26867	0	28872
28873	6	4616
28874	6	9836
28875	2	2841
13503	6	28876
1651	0	28877
28878	6	1165
792	2	28879
28880	6	1988
11455	0	28881
1720	18	28882
17073	2	28883
28884	2	6411
28885	2	23087
25873	6	28886
28887	6	20498
23337	6	28888
28889	6	19432
17099	6	28890
28481	2	28891
28892	2	28893
28894	6	23294
428	14	28895
28896	6	3207
28897	2	9622
8350	6	28898
28899	6	22312
3706	14	28900
28258	12	28901
28902	6	16393
28903	8	949
28904	8	1053
28905	6	41
1093	0	28906
28907	6	488
20481	12	28908
28909	2	11622
1972	0	28910
28911	6	16475
28912	6	5312
3211	2	28913
8984	12	28914
28915	8	5674
28916	4	1240
28917	6	698
28918	6	21732
28919	6	6498
14428	12	28920
28921	2	4427
28922	6	589
28923	6	6656
28924	6	7383
28925	6	10553
166	0	28926
28927	6	17741
28928	6	411
28929	2	24516
18701	2	28930
28931	2	19252
28932	12	2742
6422	0	28933
4973	2	28934
28935	6	28936
28937	6	2052
28938	6	17584
28939	6	625
28940	6	10524
28941	0	15931
28942	6	4524
1905	0	28943
9090	12	28944
28945	6	14801
28946	6	5979
21630	6	28947
28948	2	3579
28949	6	5228
7198	0	28950
28951	6	6830
28952	8	1949
28953	6	13773
28954	6	16487
28955	6	3722
28956	6	18624
8089	2	28957
28958	6	7099
28959	8	7560
28960	6	4973
9823	12	28961
9481	12	28962
28963	6	4421
7537	2	28964
28965	8	9951
28966	6	13470
28967	6	28968
28969	6	12575
28970	2	13243
7090	6	28971
28972	6	2989
28973	8	211
28974	6	4531
28975	12	15269
28976	12	808
28977	6	335
23277	6	28978
7926	12	28979
22056	6	28980
28981	12	28982
15947	12	28983
28984	6	7800
28985	2	24690
28986	6	4009
28987	8	28988
20908	2	28989
28990	6	28991
1972	0	28992
1720	18	28993
13333	0	28994
21320	0	28995
16926	6	28996
28997	6	8848
28998	4	4977
1010	16	28999
29000	8	22632
29001	2	5433
25354	6	29002
29003	6	11922
29004	6	4658
29005	6	22915
29006	8	3607
29007	6	26835
29008	6	27747
29009	6	462
29010	2	29011
428	14	29012
29013	6	6131
29014	6	15886
19915	0	29015
27663	0	29016
10329	2	29017
29018	6	12680
29019	4	13207
29020	6	7575
29021	6	1744
29022	6	1165
29023	6	29024
29025	6	29026
25978	6	29027
27732	12	29028
29029	6	4636
6885	2	29030
29031	6	13174
29032	6	17562
29033	6	13876
29034	6	4348
29035	6	6289
29036	6	9536
29037	6	10862
29038	2	19736
29039	0	21892
29040	6	23321
29041	6	14110
29042	8	17508
16283	2	29043
3706	12	29044
29045	6	3724
29046	8	1367
29047	6	16206
7843	2	29048
176	0	29049
29050	2	9685
29051	8	211
29052	2	29053
29054	6	26347
20006	12	29055
29056	6	248
29057	6	2015
29058	6	11073
29059	6	9719
12908	2	29060
29061	2	23678
29062	6	25597
29063	6	2258
29064	6	1603
29065	6	5984
29066	6	7019
29067	0	29068
5509	2	29069
29070	6	353
7117	2	29071
29072	6	11849
29073	8	2006
29074	2	8639
13853	2	29075
5283	0	29076
1768	0	29077
20082	20	29078
12159	6	29079
29080	6	13157
29081	6	29082
29083	2	29084
29085	6	411
29086	2	21030
29087	6	698
858	2	29088
29089	2	24150
29090	8	9093
29091	6	29092
10944	12	29093
29094	6	67
29095	6	4632
29096	6	8950
29097	2	11120
29098	6	14801
9913	0	29099
29100	6	625
11752	6	29101
11191	12	29102
29103	2	4118
29104	6	1109
29105	0	29106
29107	6	462
29108	6	19673
29109	2	22603
29110	0	10394
29111	6	13383
1106	2	29112
14323	0	29113
7341	2	29114
29115	2	17740
29116	6	1819
9645	0	29117
29118	6	20411
29119	6	3855
19786	6	29120
29121	6	2741
2749	6	29122
11869	2	29123
10860	2	29124
29125	2	6349
29126	0	29127
24936	2	29128
29129	6	3102
29130	2	29131
24913	0	29132
29133	6	795
29134	6	11123
29135	2	13877
29136	2	29137
7840	2	29138
26888	0	29139
29140	4	702
29141	4	11
712	18	29142
29143	6	7414
29144	6	532
24506	2	29145
14279	12	29146
29147	16	9830
11171	0	29148
29149	0	29150
29151	6	1290
29152	6	28086
29153	6	4109
29154	6	495
29155	6	495
20159	2	29156
29157	6	3494
22382	12	29158
29159	6	29160
29161	0	29162
29163	6	12702
14352	2	29164
1720	18	29165
20668	20	29166
29167	2	22603
29168	6	4369
29169	4	22124
11756	2	29170
29171	6	26625
13589	2	29172
29173	6	17646
428	14	29174
29175	6	5931
2987	2	29176
29177	6	411
29178	6	13342
29179	2	67
29180	6	2690
8745	0	29181
29182	6	29024
29183	6	21998
10818	2	29184
29185	2	29186
29187	6	12526
23389	6	29188
29189	8	991
13248	2	29190
29191	6	14822
25928	0	29192
29193	6	2134
2845	16	29194
29195	6	23362
29196	6	1775
29197	6	1109
29198	6	4664
29199	6	462
29200	6	6363
6940	16	29201
29202	6	29203
29204	6	10104
29205	6	10718
29206	6	9158
29207	6	253
29208	6	29209
29210	2	29211
29212	6	9309
29213	6	8999
18471	0	29214
29215	2	13095
8790	0	29216
29217	6	16224
29218	6	13824
29219	6	3503
29220	6	20771
29221	6	29222
29223	6	423
29224	0	20825
29225	6	16456
29226	2	8240
29227	6	1819
29228	2	26656
7882	2	29229
26803	2	29230
29231	6	664
29232	6	8520
29233	6	1790
29234	6	9788
29235	4	15960
29236	6	10370
245	2	29237
1222	18	29238
29239	6	698
29240	6	7424
29241	6	589
29242	6	7760
29243	8	13250
29244	8	2006
29245	6	29246
29247	8	2425
20547	12	29248
29249	6	10205
29250	8	10209
29251	6	29252
29253	6	18296
29254	6	29255
29256	6	41
29257	6	7600
29258	6	2320
29259	6	29260
22227	0	29261
29262	6	5296
572	2	29263
29264	6	655
29265	6	6115
29266	2	29267
29268	6	1747
16574	0	29269
29270	6	20956
29271	6	4747
29272	6	3183
29273	8	3331
29274	2	14843
6455	2	29275
17770	12	29276
29277	2	665
29278	6	864
29279	16	24105
29280	2	29281
29282	6	6888
29283	6	29284
29285	6	16796
602	2	29286
29287	6	8725
29288	6	24442
29289	6	15645
29290	8	13924
29291	2	19657
20907	6	29292
29293	2	26299
29294	6	29295
19962	2	29296
24933	12	29297
29298	6	423
29299	2	22809
20994	6	29300
13891	2	29301
29302	6	5841
29303	4	20075
29304	6	4488
29305	0	29306
29307	6	9395
29308	6	8228
29309	2	29310
29311	6	17534
17716	10	29312
29313	6	24838
29314	16	12035
872	0	29315
29316	8	2425
29317	6	1577
21107	6	29318
15886	2	29319
29320	6	6607
29321	6	1681
29322	0	29323
29324	6	29325
29326	6	4314
15661	2	29327
29328	6	14056
29329	6	29330
29331	6	10855
29332	2	27784
29333	8	2359
29334	8	4113
29335	6	25033
29336	6	423
5028	6	29337
29338	6	3210
29339	10	19165
29340	6	27873
11269	0	29341
29342	8	7611
29343	6	242
29344	2	14622
23608	0	29345
15094	0	29346
6532	2	29347
29348	6	18568
27591	2	29349
29350	6	10694
29351	2	8461
29352	6	16046
29353	6	29354
16715	2	29355
29356	2	16959
29357	6	1214
29358	2	2233
29359	4	1441
29360	6	41
4597	12	29361
29362	6	13996
29363	16	19862
29364	6	10773
29365	6	24850
29366	6	26511
29367	0	5005
20301	2	29368
29369	6	12026
18999	6	29370
5233	10	29371
23561	2	29372
29373	6	3906
29374	6	12143
29375	6	2797
763	2	29376
29377	6	13311
29378	0	20976
29379	0	29380
4597	12	29381
29382	2	4373
29383	2	14571
29384	6	12575
8301	2	29385
29386	0	29387
29388	12	29389
24900	0	29390
29391	2	1830
20109	2	29392
17777	0	29393
29394	6	19885
29395	6	2987
7059	2	29396
29397	6	29398
29399	6	5583
29400	6	5390
29401	12	4398
29402	8	14265
29403	2	14793
29097	2	29404
29405	12	25849
29406	6	3250
17988	0	29407
11676	12	29408
29409	6	12680
29410	6	11021
29411	2	24052
26103	0	29412
29413	6	4285
29414	2	29415
18742	6	29416
29417	6	495
29418	6	4257
29419	6	7979
29420	6	14556
29421	2	28120
26723	0	29422
6207	2	29423
29424	6	17120
29425	12	29426
14862	2	29427
15405	2	29428
18839	12	29429
16175	6	29430
29431	6	7399
1152	12	29432
29433	6	17220
14929	12	29434
29435	6	356
29436	6	353
8104	2	29437
2224	0	29438
19910	2	29439
20200	0	29440
29441	2	29442
29443	8	1681
16261	14	29444
29445	6	24824
29446	6	8833
29447	4	9040
29448	6	14405
29449	12	29450
29451	6	14211
29452	6	13293
29453	2	17100
29454	6	28260
29455	6	28270
29456	0	18626
29457	6	1484
29458	0	16479
19475	0	29459
8511	12	29460
23507	2	29461
23151	0	29462
29463	2	5179
29464	6	238
29465	0	19013
25667	2	29466
29467	2	7123
29468	6	7955
1025	6	29469
2188	0	29470
29471	6	13075
29472	6	3503
29473	6	29474
29475	6	29476
29477	2	5856
9007	0	29478
29479	4	4977
29480	6	29481
7382	6	29482
4990	12	29483
29484	6	17548
29485	6	29486
29487	6	1749
29488	6	25180
21738	0	29489
29490	4	3466
28215	0	29491
29492	6	14877
26584	2	29493
3025	2	29494
29495	6	20038
29496	6	4454
113	12	29497
8010	6	29498
29499	6	11232
826	2	29500
29501	6	12964
366	14	29502
29503	6	1165
428	14	29504
29505	6	19099
29506	6	335
29507	6	29508
29509	6	3861
29510	2	24712
29511	8	703
29512	6	2484
29513	6	13075
29514	2	5875
20761	6	29515
29516	2	17963
29517	4	17
19900	6	29518
16025	0	29519
29520	8	29521
29522	4	1246
29523	2	22994
29524	6	207
29525	8	17414
807	4	29526
29527	6	14813
4385	6	29528
29529	8	129
29530	2	19073
29531	6	16626
29532	6	7712
29533	6	6453
29534	6	3564
27477	2	29535
29536	2	18698
6634	2	29537
5985	0	29538
5458	0	29539
16403	0	29540
29541	2	27847
29542	6	27799
24150	2	29543
29544	6	9013
1905	0	29545
29546	6	9649
29547	6	900
29548	6	4348
29549	18	20843
29550	2	17152
29551	2	9581
29552	4	1298
29553	8	16237
18108	0	29554
29555	6	273
1720	18	29556
29557	2	29558
29559	12	29560
28206	0	29561
29562	6	19434
29563	6	4782
1852	2	29564
29565	6	777
29566	6	4778
29567	6	14134
1203	12	29568
29569	8	2425
21549	6	29570
29571	2	21248
29572	2	29573
29574	6	9238
29575	4	7360
29576	6	1775
29577	0	29578
1550	2	29579
28752	6	29580
29581	6	2587
29582	6	10229
29583	6	18922
29584	6	731
29585	6	1181
29586	0	2597
4788	14	29587
16236	2	29588
29589	4	1782
11061	16	29590
29591	8	211
29592	6	29593
428	14	29594
29595	16	13698
29596	6	3336
2224	0	29597
29598	6	18827
29599	6	2958
29600	6	22163
10128	0	29601
712	18	29602
29603	6	3053
29604	6	8180
29605	2	9892
29606	6	4176
29607	6	6015
29608	6	411
29609	6	1577
29610	6	8886
29611	6	29612
29613	2	21008
29614	6	1750
29615	6	16709
29616	6	462
29617	2	2156
29618	6	7437
29619	6	2015
29620	8	211
16717	2	29621
428	14	29622
21793	12	29623
29624	6	1877
10104	10	29625
29626	6	479
9520	2	29627
29628	6	335
11072	2	29629
29630	6	16076
29631	2	6478
20582	2	29632
29633	4	225
712	18	29634
29635	2	8872
29636	6	11709
29637	6	10370
29638	6	25281
29639	2	1010
29640	6	7068
19383	2	29641
29642	6	6257
29643	6	14925
9466	2	29644
29645	2	14760
29646	12	18624
29647	6	7224
29648	6	23955
7813	6	29649
20119	2	29650
29651	2	27852
29652	0	29653
29654	6	3328
29655	6	7767
29656	6	466
29657	2	4269
9896	2	29658
29659	2	11503
29660	6	625
29661	8	211
16641	2	29662
29663	2	18222
264	12	29664
29665	6	21531
29666	6	6211
29667	8	8382
29668	6	29669
29670	6	14695
29671	6	13865
29672	8	7611
29673	2	24057
29674	2	14133
29675	4	17540
29676	2	24159
16397	2	29677
29678	6	353
29679	6	9778
29680	6	462
29681	2	11142
29682	6	1408
29683	6	731
29684	6	421
29685	6	19536
11184	2	29686
26956	12	29687
29688	6	12777
181	2	29689
29690	6	10360
5363	0	29691
29692	6	2844
2833	0	29693
29694	8	4113
26412	6	29695
10276	6	29696
29697	6	3336
29698	6	2199
29699	6	495
29700	6	2137
29701	0	29702
29703	6	2545
24074	0	29704
29705	6	9403
29706	2	29707
27931	2	29708
21777	6	29709
29710	0	10417
1905	0	29711
29712	0	10497
6894	6	29713
12542	12	29714
5602	12	29715
6597	2	29716
13807	2	29717
29718	6	187
19500	2	29719
29720	6	5618
29721	6	29722
29723	6	9536
29724	6	8226
29725	6	353
1386	6	29726
29727	0	20180
29728	2	13565
29729	6	15349
29730	6	6115
29731	6	3110
29732	6	21496
29733	8	3912
19076	2	29734
22819	12	29735
29736	6	9097
29737	10	11465
29738	6	19432
19632	12	29739
29740	6	335
29741	6	1657
28044	0	29742
4028	2	29743
29744	6	29745
29746	6	5712
4597	12	29747
15077	2	29748
29749	6	6498
10099	2	29750
29751	6	12958
29752	6	2035
20690	0	29753
29754	0	29755
29756	6	7611
29757	6	335
29758	6	29759
29760	6	5665
29761	0	29762
29763	0	19233
29764	6	8771
29765	6	212
14518	2	29766
28928	0	29767
29768	6	1692
29769	2	3040
7182	0	29770
29771	6	6954
8071	0	29772
29773	12	3475
29774	8	11651
29775	6	5818
5401	0	29776
29777	2	6141
29778	6	655
29779	6	3564
29780	2	16203
29781	8	211
29782	6	187
29783	6	14785
29784	6	7806
29785	6	29786
29787	4	225
5011	12	29788
29789	6	4341
29790	6	4812
29791	6	5931
29792	6	495
29793	2	10010
29794	6	4812
29795	6	335
29796	6	4059
29797	6	7223
29798	6	2646
29799	6	5238
29800	4	11399
5475	0	29801
29802	2	17728
21605	12	29803
2714	0	29804
29805	6	655
29806	0	29807
8035	2	29808
29809	6	19700
29810	2	29811
29812	6	29188
29813	12	28073
29814	2	15778
2753	12	29815
29816	6	15582
21690	6	29817
29818	6	7611
176	12	29819
27895	0	29820
29821	6	5639
8828	0	29822
29823	6	18112
15412	2	29824
29825	4	225
27908	0	29826
14510	6	29827
29828	6	14668
29829	6	29830
20636	0	29831
29832	6	15210
29833	6	11155
29834	8	1367
29835	6	7755
29836	6	9404
29713	2	29837
8952	2	29838
3665	2	29839
29840	12	29841
29842	6	21087
29843	12	29844
20984	6	29845
29846	6	29847
255	2	29848
24598	16	29849
4601	0	29850
29851	12	29852
29853	6	4317
29854	2	8491
29855	6	1585
29856	4	5202
29857	8	311
17196	6	29858
7632	12	29859
11555	0	29860
29861	6	7303
29862	6	6628
29863	6	1310
4743	0	29864
29865	2	15892
3056	6	29866
29867	6	16340
2863	0	29868
2236	12	29869
29870	6	629
29871	6	3384
591	12	29872
29873	6	19311
22433	12	29874
29875	6	15373
29876	4	1144
29877	6	7457
29878	8	211
29879	6	2444
29880	6	8180
29881	2	29882
29883	6	16799
29884	6	16119
29885	2	5048
2090	0	29886
29887	6	29888
29889	8	8057
29890	6	5390
29891	6	4176
29892	2	16604
29893	6	7303
29894	6	28281
6056	12	29895
29896	0	29897
29898	6	29899
18200	0	29900
17435	2	29901
18812	6	29902
29903	8	4101
428	14	29904
29905	6	3428
23412	0	29906
29907	6	25446
29908	6	17095
29909	6	4721
29910	6	655
29911	2	29912
12367	12	29913
29914	2	5819
1917	6	29915
29916	6	29917
29918	2	14882
2354	2	29919
29920	2	9348
29921	6	3885
29922	0	24361
29923	6	731
29924	6	129
29925	2	29926
29927	6	1338
29928	2	17841
29929	6	28562
4283	2	29930
29931	2	29932
25500	0	29933
7385	2	29934
29935	6	1202
29936	0	6038
29937	6	335
1710	0	29938
29939	8	211
19815	2	29940
29941	0	29942
29943	0	11087
29944	2	29510
29945	6	4314
901	0	29946
29947	6	29948
29949	6	495
29950	2	8182
1567	2	29951
29952	10	8210
29953	6	655
29954	6	21281
21516	6	29955
29956	6	4670
29957	6	1750
29958	0	29959
29960	6	4768
5221	2	29961
29962	8	18113
29963	6	707
2004	12	29964
29965	6	2970
29966	6	11697
5173	12	29967
29968	6	22651
29969	6	11106
29970	6	29971
7989	2	29972
29973	6	29974
29975	2	13695
29976	6	4426
15769	0	29977
29978	6	12985
29979	2	8222
29980	6	3999
29981	6	1559
29982	6	9930
5947	2	29983
29984	2	1276
29985	6	29986
29987	2	17577
29988	2	29989
29990	6	353
29991	6	3720
9893	6	29992
29993	6	2327
29994	6	6524
29250	0	29995
29996	6	8462
29997	4	4094
29998	6	16698
3384	2	29999
30000	6	423
30001	6	1165
30002	2	21873
30003	6	9352
30004	6	5573
30005	6	231
13174	6	30006
13629	2	30007
30008	6	24740
30009	6	14677
30010	6	1502
30011	6	495
30012	14	8807
23531	2	30013
30014	6	9754
30015	6	30016
23361	0	30017
30018	4	18196
30019	2	30020
30021	6	16003
30022	6	6136
30023	6	8134
30024	6	13529
1720	18	30025
30026	8	11572
30027	0	26718
14203	6	30028
14702	2	30029
4752	0	30030
30031	6	1410
30032	6	15484
10742	0	30033
30034	6	7457
11834	6	30035
30036	6	3153
30037	2	14119
30038	6	30016
30039	6	1481
1291	0	30040
30041	8	1357
864	2	30042
27643	0	30043
30044	8	211
30045	6	4290
30046	2	11858
30047	6	14247
26684	0	30048
30049	6	21281
30050	8	6742
30051	6	3816
7195	6	30052
30053	6	12794
30054	8	211
2753	12	30055
30056	6	19264
30057	6	17584
30058	6	486
30059	6	1567
30060	2	30061
30062	2	28533
30063	2	30064
30065	6	25222
30066	8	26158
30067	6	17179
30068	2	2087
30069	0	30070
9293	6	30071
30072	2	8650
30073	2	5714
30074	6	13533
30075	6	6115
30076	6	15603
30077	4	2122
30078	6	2017
30079	6	23669
901	0	30080
30081	2	8516
30082	6	411
30083	8	8057
30084	2	14532
30085	2	734
30086	6	109
30087	6	335
30088	12	30089
30090	0	29600
11835	2	30091
30092	8	211
10754	12	30093
30094	4	17227
30095	6	15875
30096	2	30097
30098	10	9045
30099	6	1775
30100	6	1958
29281	6	30101
30102	6	21780
28193	12	30103
30104	6	18120
10826	0	30105
30106	4	702
30107	8	1367
30108	6	30109
30110	6	8866
30111	6	897
30112	6	9286
22432	2	30113
17409	10	30114
30115	6	3523
16891	0	30116
21141	6	30117
30118	6	11934
30119	6	16052
523	10	30120
30121	2	27278
30122	6	536
30123	6	30124
30125	2	24353
30126	6	664
30127	6	3110
30128	2	6888
15030	2	30129
30130	2	29083
13711	16	30131
30132	6	10629
856	0	30133
30134	0	30135
5981	2	30136
30137	6	41
30138	6	3999
30139	0	20169
16413	2	30140
30141	6	30142
30143	6	4375
30144	8	3331
30145	2	45
17471	12	30146
30147	4	7360
1720	18	30148
3430	2	30149
30150	6	1747
30151	6	8293
24962	0	30152
30153	2	30154
30155	6	6471
30156	2	14585
30157	6	3207
30158	10	14266
3214	6	30159
30160	2	16251
5035	0	30161
30162	2	835
30163	6	544
30164	2	25280
30165	6	1787
30166	2	13222
30167	6	7913
30168	2	26729
12547	2	30169
30170	6	4311
14056	12	30171
30172	8	13250
30173	2	24722
30174	10	26618
5730	12	30175
30176	6	1819
1478	2	30177
30178	6	30179
30180	4	16216
30181	6	2274
30182	6	2491
27399	2	30183
30184	2	30185
30186	8	311
22037	12	30187
30188	2	2094
17093	0	30189
30190	6	858
30191	6	9014
30192	6	24978
22932	6	30193
24913	0	30194
30195	0	30196
15051	12	30197
30198	6	30199
19028	2	30200
30201	0	8454
14428	14	30202
30203	6	3738
30204	2	30205
4565	12	30206
30207	6	17141
7050	2	30208
30209	6	8141
12817	0	30210
30211	6	19288
30212	8	135
9865	2	30213
30214	6	20498
13910	2	30215
30216	6	11928
30217	6	6828
30218	0	11376
30219	6	2380
30220	6	1390
30221	6	2906
17697	2	30222
26601	6	30223
30224	6	30225
30226	6	698
30227	6	3532
30228	6	17500
30229	6	2759
30230	6	30231
30232	6	9252
30233	6	2452
30234	6	1165
14730	12	30235
30236	2	1533
30237	6	13131
30238	0	30239
30240	2	11497
30241	6	10587
30242	4	225
30243	6	2716
30244	6	4356
30245	6	2910
7627	2	30246
30247	6	246
30248	8	211
30249	4	499
20136	12	30250
30251	6	12951
30252	6	12128
30253	6	3855
30254	6	23352
30255	4	499
30256	8	16748
30257	6	12143
30258	6	14765
30259	6	7507
16389	12	30260
13537	0	30261
30262	8	211
12501	12	30263
30264	2	17471
30265	6	18934
13874	2	30266
30267	6	3147
4841	0	30268
30269	12	22565
30270	6	26644
30271	8	18062
12179	6	30272
30273	6	8321
30274	4	1144
30275	8	9040
1291	0	30276
30277	6	2255
30278	12	17118
30279	2	30280
21404	6	30281
2733	18	30282
30283	2	4795
30284	6	30285
2486	2	30286
21463	6	30287
30288	12	30289
30290	6	2324
30291	6	7706
16221	2	30292
30293	6	16835
1767	0	30294
30295	6	9393
23198	2	30296
19113	6	30297
30298	2	19348
30299	14	30300
30301	6	30302
4721	2	30303
30304	6	353
30305	6	495
30306	6	17177
30307	6	7424
26974	6	30308
30309	6	9248
1164	0	30310
30311	6	1181
30312	6	1708
30313	2	30314
30315	6	462
13796	0	30316
30317	6	26095
30318	6	423
30319	8	4013
30320	6	353
30321	2	12713
30322	2	14998
14048	0	30323
950	0	30324
30325	6	16652
30326	6	2446
30327	6	3050
11102	12	30328
30329	6	7796
30330	6	10611
19000	4	30331
30332	6	14235
5396	0	30333
30334	4	3885
17931	12	30335
30336	6	1181
428	14	30337
30338	6	9902
30339	12	15009
30340	6	24406
30341	4	6152
30342	6	5718
30343	2	22550
30344	2	6148
30345	6	4557
30346	6	16583
30347	8	1221
23369	2	30348
30349	6	1779
30350	6	7244
30351	8	1221
16986	0	30352
5672	0	30353
30354	6	2110
19342	0	30355
30356	6	18876
13304	2	30357
30358	6	41
30359	6	109
30360	6	9264
30361	6	423
1720	18	30362
30363	6	30364
30365	6	3371
30366	6	24878
24753	4	30367
30368	2	7187
30369	6	13553
30370	6	16211
30371	6	1681
30372	2	158
30373	6	2015
30374	6	423
18987	12	30375
30376	16	10104
26223	2	30377
12972	6	30378
22866	16	30379
30380	6	7099
2903	0	30381
30382	6	30383
30384	2	21201
30385	8	8057
30386	6	3205
30387	6	3118
30388	12	30389
30390	6	10154
30391	8	12504
30392	6	411
30393	6	3147
6095	6	30394
30395	6	11106
30396	2	11264
30397	6	30398
4565	12	30399
30400	6	26031
166	0	30401
2082	12	30402
30403	2	16082
30404	12	30405
9609	2	30406
30407	8	1681
16935	2	30408
30409	16	12385
30410	6	24066
1030	2	30411
30412	6	23112
30413	2	11691
30414	6	21391
24461	0	30415
30416	6	12951
18915	0	30417
30418	6	20081
21221	12	30419
26019	2	30420
29745	6	30421
30422	6	10150
30423	2	4869
30424	6	30425
30426	6	21052
615	10	30427
15685	2	30428
30429	6	18089
30430	6	495
3508	0	30431
30432	0	30433
30434	6	30435
7469	12	30436
1905	0	30437
31	6	30438
30439	6	109
30440	6	495
30441	6	495
8664	2	30442
30443	2	21309
30444	6	447
2371	10	30445
30446	8	3345
30447	0	15416
30448	6	462
30449	4	225
13238	0	30450
30451	2	30452
30453	6	21242
30454	6	1181
20657	2	30455
30456	0	12949
30457	2	10592
30458	2	28172
30459	8	211
30460	6	3893
30461	6	30462
30463	4	225
30464	6	1883
22902	0	30465
30466	4	5746
30467	0	17639
30468	6	25692
18189	2	30469
30470	8	2425
30471	6	4059
30472	6	21443
30473	0	29809
30474	6	14143
30475	0	14638
30476	4	922
30477	6	2743
5823	2	30478
30479	6	14677
30480	2	7576
30481	6	4782
30482	6	6675
30483	6	12775
30484	8	5864
30485	2	30486
9517	6	30487
888	0	30488
7465	2	30489
30490	12	18003
30491	2	21508
30492	6	4819
30493	6	8584
30494	6	18934
30495	6	12575
30496	2	12449
6622	14	30497
764	14	30498
9106	0	30499
30500	2	4233
30501	6	29627
30502	2	24165
10761	2	30503
30504	6	15174
30505	6	18559
30506	6	411
30507	6	1921
30508	6	28316
30509	6	41
30510	6	21909
30511	6	2110
30512	6	30513
30514	6	3722
30515	6	246
12540	0	30516
30517	6	1775
30518	6	2741
1819	12	30519
30520	2	6998
16968	6	30521
12717	0	30522
30523	6	698
15374	0	30524
30525	6	14864
12869	6	30526
2722	12	30527
30528	8	6348
30529	6	3722
30530	12	13595
30531	6	19332
30532	6	1538
30533	6	10279
30534	6	9821
30535	6	30536
30537	4	1264
30538	0	30539
30540	6	22929
30541	6	8974
30542	4	499
5496	2	30543
20572	12	30544
30545	6	25286
30546	2	24234
30547	6	6507
30548	4	17
5460	2	30549
30550	6	1013
30551	6	1921
30552	8	3331
30553	6	14812
4250	2	30554
1720	18	30555
30556	6	8818
30557	6	2270
30558	6	16689
30559	2	16483
30560	2	30561
30562	2	11167
4850	0	30563
30564	6	30565
6424	0	30566
30567	2	1747
30568	8	13636
28147	12	30569
7265	2	30570
1720	18	30571
9481	12	30572
30573	4	225
9458	6	30574
9588	2	30575
30576	8	12291
30577	8	135
5849	16	30578
30579	0	12916
4597	12	30580
27028	2	30581
30582	0	30583
15377	0	30584
30585	8	1681
30586	6	3488
22382	12	30587
30588	2	21640
30589	8	1357
27113	0	30590
7574	2	30591
30592	6	411
30593	2	21807
1815	0	30594
30595	2	20279
25461	0	30596
30597	6	15736
30598	6	9766
30599	6	30600
30601	6	2343
17790	0	30602
30603	6	30604
30605	6	8974
28262	2	30606
30607	6	1681
30027	0	30608
30609	6	979
30610	6	3666
30611	6	10016
5160	12	30612
30613	6	16309
18304	2	30614
30615	8	311
30616	6	6042
30617	6	17914
15399	2	30618
30619	6	7126
30620	12	30621
22273	12	30622
30623	6	11131
30624	6	495
30625	6	26041
30626	6	3989
30627	6	30628
30629	6	25983
30630	6	546
22314	6	30631
30632	8	7611
30633	6	15221
6035	2	30634
30635	6	389
30636	6	421
30637	6	24403
30638	6	2978
30639	6	495
30640	6	24214
30641	6	13187
30642	6	5401
30643	2	7914
30644	6	18642
30645	2	30646
30647	0	30648
30649	6	495
30650	8	18615
30651	6	1480
30652	6	6634
30653	6	495
30654	2	23754
5597	0	30655
30656	6	3503
25988	6	30657
30658	6	30659
30660	6	8528
1333	2	30661
16287	0	30662
30663	12	30664
30665	6	3012
30666	4	702
30667	0	30668
30669	6	22534
30670	6	2292
30671	6	462
4597	12	30672
11938	0	30673
30674	6	8555
30675	6	25123
30676	2	1167
19201	14	30677
479	12	30678
21174	6	30679
30680	6	3847
428	14	30681
30682	8	5450
1972	0	30683
30684	6	2177
15706	0	30685
30686	6	8207
30687	6	8102
1500	2	30688
30689	6	5089
30690	2	17515
30691	2	26259
23721	0	30692
30189	0	30693
30694	6	1921
13246	2	30695
30696	6	3999
30697	8	135
30698	6	3872
30699	6	17697
30700	0	24839
29022	0	30701
30702	6	30016
30703	4	499
14604	0	30704
30705	2	30706
30707	6	30708
30709	6	1466
30710	2	30711
26660	0	30712
30713	6	1747
30714	8	29031
30715	6	3740
9993	2	30716
30717	4	4094
30718	6	1181
30719	0	12976
10059	2	30720
30721	6	30722
30723	6	7488
16894	2	30724
30725	8	30726
30727	6	14725
30728	6	12650
30729	6	2631
30730	6	4317
4788	14	30731
30732	6	14915
30733	2	30734
30735	2	30736
30737	6	505
2261	2	30738
19724	12	30739
30740	2	30741
30742	6	6660
30743	2	30744
23016	2	30745
30746	2	385
30747	6	30748
7953	2	30749
6422	0	30750
30751	6	12985
26	12	30752
30753	6	1219
30754	4	4793
30755	6	2418
30756	6	18721
30757	6	1181
30758	2	28134
30759	2	9895
30760	6	22163
14336	14	30761
30762	10	13330
30763	6	1935
30764	2	1016
30765	6	22347
30766	6	7544
381	12	30767
30768	2	30769
30770	6	2058
30771	2	17439
30772	6	5144
30773	6	15823
30774	2	17131
30775	2	22758
30776	6	1338
30777	6	18261
3062	2	30778
10137	0	30779
30444	2	30780
30781	6	25688
27510	6	30782
6391	6	30783
30784	2	7485
30785	6	28932
30786	0	30787
19383	2	30788
30789	2	30790
8650	12	30791
30792	6	13607
30793	6	41
30794	6	631
30795	6	22501
30796	6	14931
30797	6	113
30496	6	30798
30799	6	411
29139	12	30800
30801	6	731
30802	2	10734
30803	6	14801
11356	2	30804
30805	6	20609
30806	6	8654
30807	8	1367
30808	4	2560
30809	6	698
27256	6	30810
30811	2	18615
30812	6	1330
30813	2	30814
30815	2	30816
1203	12	30817
3279	2	30818
30819	8	30820
25144	2	30821
30822	2	30823
30824	6	10286
30825	8	21070
30826	8	691
1905	0	30827
5888	2	30828
30829	12	30830
14119	2	30831
27313	0	30832
30833	6	13986
16389	12	30834
10299	0	30835
26374	2	30836
30837	6	14818
8143	0	30838
30839	6	10481
5105	12	30840
30841	6	435
9386	2	30842
8220	0	30843
30844	0	30845
30846	12	30847
30848	6	3631
4414	2	30849
30850	4	225
30851	6	7424
30852	6	2359
166	0	30853
20090	6	30854
30855	8	1367
30856	6	9649
1570	2	30857
30858	6	3102
30859	6	26448
5173	12	30860
1430	0	30861
30862	2	30863
17901	2	30864
30865	6	423
5177	6	30866
4978	0	30867
30868	6	17584
30869	6	353
30870	8	211
30871	6	4449
25920	12	30872
10866	14	30873
9365	2	30874
30875	6	421
30876	6	25259
30877	6	5131
30878	6	7428
30879	12	1450
19836	0	30880
28269	12	30881
30882	2	13394
30883	8	21859
17176	2	30884
13605	2	30885
6840	2	30886
30887	6	17976
30888	6	11732
3454	6	30889
30890	2	14596
1635	0	30891
13601	2	30892
30893	6	15745
30894	6	415
30895	6	1775
30896	6	1188
30897	6	4230
10418	0	30898
3220	2	30899
14753	2	30900
30901	6	29531
30902	2	5490
30903	6	16896
30904	4	3466
30905	2	1466
29523	2	30906
166	0	30907
30908	6	7629
30909	6	1181
30910	6	14342
30911	6	1390
30912	6	9851
4120	0	30913
30914	2	4677
2920	2	30915
30916	0	30917
30918	2	12128
30919	6	22737
27113	0	30920
30921	6	18781
6693	2	30922
30923	6	30924
30925	6	30926
5937	2	30927
30928	6	495
30929	6	411
30930	4	1264
30931	6	125
30932	6	353
30933	6	466
30934	6	7879
30935	6	24639
30936	6	123
30937	6	8528
30938	2	21051
30939	6	28840
30940	2	1391
30941	6	25200
4843	2	30942
30943	6	421
30944	6	3896
28111	12	30945
30946	6	17805
30947	2	17347
30948	6	111
16574	0	30949
30950	6	6656
21416	2	30951
30952	2	1454
2924	0	30953
30954	0	30955
30956	2	19179
30957	6	7457
3451	2	30958
14269	0	30959
14302	12	30960
30961	6	10325
30962	6	10620
30963	6	27950
18356	4	30964
30965	6	18238
30966	6	8448
1720	18	30967
30968	6	1819
30969	6	21646
30970	6	655
30971	6	5578
30972	2	14728
30973	2	10156
30974	6	30975
30976	8	1367
30977	12	30978
19168	0	30979
24530	2	30980
20005	12	30981
30982	2	30983
30984	2	13966
30985	6	19786
30986	6	1342
30987	6	18589
30988	6	3131
712	18	30989
30990	6	2649
1514	0	30991
30992	6	25707
26021	6	30993
30994	6	1577
6040	2	30995
30996	2	3238
30997	6	12575
30998	6	495
30999	4	20075
1720	18	31000
3419	2	31001
541	18	31002
31003	6	31004
31005	12	3475
31006	6	2587
31007	6	30120
31008	2	17475
31009	6	3861
1720	18	31010
31011	6	3722
31012	2	883
31013	8	6136
31014	6	1842
31015	6	23243
31016	12	30175
31017	6	495
31018	2	11654
31019	6	2058
22307	0	31020
31021	6	31022
31023	6	4226
30418	2	31024
31025	6	731
31026	2	22510
428	14	31027
31028	2	20488
31029	6	24261
31030	2	25541
31031	0	1329
7195	2	31032
31033	6	7416
31034	6	423
31035	6	731
31036	0	31037
31038	6	520
23829	2	31039
31040	6	1775
31041	6	246
31042	6	18211
31043	6	22096
3000	12	31044
31045	6	18742
724	6	31046
31047	6	6357
31048	6	12126
7965	6	31049
8201	0	31050
31051	6	5421
31052	6	339
31053	6	31054
21595	0	31055
31056	6	7269
31057	6	10543
198	0	31058
26329	0	31059
31060	6	655
2465	12	31061
31062	6	31063
4021	12	31064
31065	4	225
31066	6	353
31067	6	299
31068	6	2391
12472	2	31069
31070	6	860
31071	6	67
31072	2	2365
25346	12	31073
31074	6	24398
31075	6	14108
17665	2	31076
31077	6	6252
31078	6	488
31079	4	6293
31080	6	2130
31081	6	29534
31082	18	31083
31084	6	3494
31085	6	589
31086	6	421
31087	6	495
31088	2	31089
31090	2	18513
12715	6	31091
31092	2	17690
30010	2	31093
4597	12	31094
12698	2	31095
31096	6	13075
31097	6	22919
31098	6	353
31099	2	31100
20902	2	31101
31102	6	1446
31103	8	3652
31104	6	4736
11797	6	31105
24651	0	31106
31107	6	625
31108	6	655
30602	6	31109
31110	2	31111
31112	6	21016
31113	6	16980
560	6	31114
31115	6	25172
31116	6	5188
31117	4	225
31118	6	913
31119	4	31030
31120	6	31121
25352	0	31122
31123	6	31124
31125	6	548
31126	6	16877
8987	2	31127
31128	6	7898
1614	2	31129
31130	6	12871
31131	2	27040
31132	4	702
1984	14	31133
31134	6	24842
31135	0	23759
31136	4	702
31137	0	31138
428	14	31139
27262	0	31140
31141	6	23767
1222	18	31142
31143	8	2025
31144	6	8584
31145	6	495
24185	2	31146
31147	8	211
31148	8	6136
31149	8	30164
31150	6	1988
31151	6	15645
31152	6	7076
31153	6	6742
16935	2	31154
31155	6	15639
31156	6	2767
16925	0	31157
31158	6	9165
31159	2	3529
523	10	31160
31161	6	13073
31162	6	8210
31163	6	16010
31164	2	18758
3192	10	31165
31166	6	2989
31167	6	22851
31168	6	19432
31169	2	21355
8011	2	31170
31171	6	6483
31172	6	18509
428	14	31173
9542	0	31174
31175	6	655
4979	0	31176
29184	2	31177
31178	6	647
31179	4	5855
7976	0	31180
31181	6	25830
17470	12	31182
31183	6	7582
11333	2	31184
541	18	31185
17620	0	31186
31187	6	353
31188	12	31189
31190	6	15385
11715	6	31191
9845	0	31192
31193	8	16468
13680	12	31194
31195	12	17879
31196	0	30523
31197	6	19700
31198	4	285
31199	2	14434
4301	12	31200
31201	2	3614
31202	6	411
31203	6	13296
31204	2	5496
31205	6	5639
27294	0	31206
31207	2	31208
31209	2	31210
31211	6	462
24513	2	31212
9411	2	31213
31214	6	7428
7216	2	31215
31216	6	31217
31218	2	7463
31219	8	3345
14289	12	31220
31221	6	6996
19853	2	31222
5802	12	31223
31224	6	7704
31225	6	20699
31226	6	13871
31227	2	8273
31228	6	7858
16452	6	31229
31230	6	9523
31231	6	421
31232	2	29650
31233	2	23008
692	12	31234
31235	4	2264
31236	6	15958
31237	6	22404
31238	6	6006
31239	0	23689
31240	2	31241
9891	2	31242
31243	2	4385
31244	2	1171
17525	2	31245
20878	12	31246
6906	2	31247
31248	4	225
23085	2	31249
2978	2	31250
6122	12	31251
31252	6	6
19088	6	31253
31254	12	3475
31255	8	211
31256	6	9685
1720	18	31257
10859	2	31258
31259	6	2236
31260	2	30101
31261	0	31262
31263	2	22776
31264	2	31265
31266	6	22725
31267	6	655
31268	6	31269
12192	2	31270
31271	2	23671
31272	2	31273
5173	12	31274
31275	6	17161
31276	6	27351
13009	2	31277
31278	4	4447
31279	2	5553
31280	12	3475
31281	6	3503
31282	6	495
31283	6	31284
31285	6	7224
31286	6	5583
31287	6	279
5272	6	31288
31289	6	7796
11055	6	31290
31291	6	4469
31292	6	7566
13902	2	31293
31294	6	1577
16048	12	31295
31296	6	7126
24507	2	31297
9481	14	31298
31299	6	5984
31300	6	31301
31302	8	2177
31303	0	30629
31304	6	6996
31305	6	30593
31306	6	21446
31307	6	4658
31308	12	12000
31309	2	31310
31311	2	21389
4301	12	31312
31313	16	13473
31314	6	17376
31315	6	12650
19776	6	31316
31317	6	6023
31318	6	495
24091	2	31319
31320	6	29222
31321	6	5691
31322	6	26327
9119	12	31323
31324	8	3331
31325	0	31326
18147	2	31327
31328	6	5052
31329	2	8958
6493	12	31330
31331	2	17613
31332	6	1310
31333	6	125
31334	6	698
31335	8	16468
31336	0	31337
31338	0	31339
23219	2	31340
31341	12	31342
25802	2	31343
3241	12	31344
31345	6	7021
31346	8	8339
31347	2	16289
1360	0	31348
31349	6	462
24135	2	31350
31351	6	3831
31352	6	4272
31353	6	495
31354	16	20080
31355	6	2560
31356	6	421
31357	12	31358
22627	6	31359
31360	6	1624
31361	0	31362
31363	6	3409
31364	6	698
31365	4	158
22988	2	31366
31367	6	4973
31368	6	7670
31369	6	11229
31370	6	1181
20561	6	31371
31372	6	795
166	0	31373
31374	6	10694
31375	6	27004
31376	6	4773
17901	2	31377
31378	0	31379
15655	0	31380
31381	6	23092
31382	6	10104
31383	6	3999
15254	0	31384
31385	6	13372
31386	8	211
3992	2	31387
31388	6	13141
16018	10	31389
3508	0	31390
166	0	31391
31392	2	1861
31393	4	1298
4353	6	31394
29641	6	31395
31396	2	12961
31397	12	22500
31398	6	29729
31399	6	1790
31400	6	11709
11626	2	31401
31402	6	10154
15706	12	31403
31404	4	225
31405	6	5202
31406	6	21130
31407	6	732
31408	6	12650
31409	6	28296
31410	6	17765
6801	0	31411
31412	0	16246
23967	0	31413
20877	6	31414
31415	6	707
31416	6	24246
31417	6	16287
31418	4	2227
21791	2	31419
31420	2	4211
31421	8	311
31422	6	11701
31423	6	29666
31424	6	10589
31425	6	8233
31426	6	16228
31427	6	31428
31429	6	21197
31430	6	3485
31431	2	26581
31432	6	536
19534	2	31433
26103	0	31434
31435	6	495
22567	0	31436
26772	0	31437
11557	2	31438
10383	0	31439
31440	6	8442
31441	2	14538
31442	0	19170
31443	6	41
31444	6	255
31445	6	6028
31446	8	2939
31447	6	27880
31448	6	3861
31449	2	18573
31450	12	31451
17120	12	31452
8650	12	31453
31454	6	6954
31455	4	1441
7545	0	31456
16320	0	31457
31458	6	12704
31459	6	31460
31461	6	23140
31462	8	4625
31463	2	31216
31464	8	20459
31465	6	28478
31466	6	3485
31467	2	12687
483	12	31468
3529	2	31469
24915	2	31470
15763	0	31471
31472	6	19893
4630	12	31473
386	2	31474
31475	6	1787
31476	2	18583
31477	2	9550
31478	6	13075
31479	6	5757
31480	4	2247
31481	6	1523
6026	0	31482
31483	2	21347
31484	8	2006
31485	8	211
7545	0	31486
3126	2	31487
31488	2	30569
8511	0	31489
11235	12	31490
31491	6	31492
23210	0	31493
31494	0	25907
31495	6	16003
20879	6	31496
1257	12	31497
166	0	31498
31499	6	7128
31500	0	31501
31502	6	15787
366	14	31503
31504	6	783
31505	6	7973
31506	6	21482
31507	8	211
1720	18	31508
3948	6	31509
31510	6	10653
31511	0	19008
31512	6	423
31513	6	14601
31514	6	7765
31515	6	5260
31516	6	11296
13643	2	31517
31518	6	3992
31519	6	10401
31520	6	17886
2924	0	31521
5363	0	31522
1203	12	31523
22428	6	31524
28406	8	31525
11601	2	31526
3215	2	31527
31528	6	11023
31529	6	3485
31530	2	18550
31531	6	1921
31532	6	1214
31533	6	1775
31534	2	25692
31535	6	11148
31536	6	27659
31537	8	1927
31538	2	31539
27773	0	31540
31541	6	3439
31542	4	469
31543	8	17028
31544	6	5120
2324	2	31545
2188	0	31546
31547	6	29870
31548	8	1053
26631	0	31549
31550	6	1775
30970	0	31551
31552	6	3720
24544	2	31553
16077	2	31554
31555	4	158
31556	6	13483
31557	6	9290
31558	8	211
31559	6	698
31560	6	31561
13291	2	31562
31563	2	2339
3357	2	31564
31565	6	31566
31567	6	10710
31568	2	14816
31569	6	1147
31570	6	31571
4517	6	31572
31573	6	627
31574	6	31575
31576	6	7958
25690	0	31577
31578	8	7611
31579	12	14122
17931	12	31580
31581	8	8057
31582	6	6858
1526	10	31583
31584	6	9512
31585	6	15138
23063	0	31586
31587	8	1681
31588	6	10413
31589	6	17883
31590	6	698
31591	4	3503
31592	2	16573
31593	12	31594
31595	6	30285
31596	2	23456
31597	8	1053
31598	6	3150
31599	6	8524
31600	6	248
4979	0	31601
31602	2	1226
31603	6	9465
31604	6	8974
31605	2	26165
31606	6	1538
31607	0	31608
428	14	31609
1720	18	31610
31611	4	225
31612	6	18603
7803	0	31613
31614	6	2561
31615	2	24219
31616	6	4658
31617	6	4797
31618	6	7250
31619	6	1673
1720	18	31620
31621	2	9520
31622	6	6962
31623	2	26530
31624	6	598
31625	6	17697
31626	6	31627
31628	8	8339
31629	6	4075
31630	6	423
31631	2	31632
13655	12	31633
31634	2	26436
31635	6	26655
14055	0	31636
31637	6	8974
31638	6	1921
292	12	31639
31640	2	2345
31641	8	17028
31642	6	21443
31643	6	2354
15768	0	31644
31645	6	31646
31647	6	16227
5576	2	31648
31649	6	4341
31650	2	6602
7243	0	31651
31652	6	22758
8377	2	31653
31654	10	6379
31655	6	31656
31657	6	13576
31658	6	731
31659	6	10654
31660	0	17973
6854	6	31661
31662	6	16946
31663	6	26284
31664	2	31665
11684	2	31666
31667	6	4703
9332	6	31668
31669	6	4793
31670	8	9126
31671	4	1565
22160	0	31672
30158	2	31673
31674	6	31675
19405	0	31676
31677	2	9329
31678	2	10141
31679	6	1181
9134	2	31680
31681	6	1388
31682	6	12575
31683	6	674
31684	0	21714
5341	2	31685
31686	2	17628
31687	4	225
15461	2	31688
2733	18	31689
31690	12	31691
31692	8	18708
29782	0	31693
31694	6	6223
31695	6	14235
31696	6	10739
31697	6	814
31698	6	17935
31699	6	8306
31700	6	25820
31701	0	29606
31702	6	3989
31703	6	31704
2733	18	31705
31706	6	3207
31707	2	20935
7180	6	31708
31709	6	20398
31206	0	31710
31711	12	28410
31712	2	18436
31713	6	499
12666	6	31714
31715	6	2341
31716	6	698
31717	6	2015
31492	2	31718
20934	0	31719
31720	2	1883
31721	6	4421
31722	6	2434
31723	2	16483
31724	6	411
1739	12	31725
31726	6	18464
31727	6	20402
31728	6	25594
31729	6	1326
31730	6	23949
31731	8	211
31732	6	4824
31733	0	8825
31734	6	8528
31735	2	8100
2733	18	31736
31737	6	3931
31738	8	311
3760	12	31739
31740	6	24945
15447	2	31741
31742	6	6057
31743	2	21223
31744	6	19975
31745	6	17453
31746	6	23302
31747	2	2114
31748	0	31749
31750	6	3722
31751	6	6022
810	12	31752
29470	0	31753
31754	6	18568
31755	6	518
24154	12	31756
31757	6	14677
31758	6	3207
31759	6	23115
1222	18	31760
6122	12	31761
31762	6	10325
31763	6	23111
31764	6	15916
31765	6	13286
13229	0	31766
21900	0	31767
31768	6	495
6553	6	31769
31770	2	23140
30655	0	31771
31772	6	10310
31773	6	3503
13367	2	31774
31775	6	1790
31776	6	731
31777	6	14526
15463	0	31778
31779	6	31780
12065	2	31781
31782	6	7017
31783	6	10336
31784	6	3722
31785	4	2122
31786	6	31787
31788	6	698
31789	6	6727
31790	6	7414
31791	4	17044
31792	6	21754
31793	6	30593
4702	0	31794
18835	0	31795
31796	6	3314
18938	12	31797
31798	8	2939
31799	6	325
31800	6	335
27668	6	31801
31802	2	15999
31803	2	14878
31804	0	31805
31806	0	31807
31808	6	7293
428	14	31809
5732	0	31810
31811	6	25121
31812	6	3031
31813	6	1775
31814	12	518
11269	0	31815
3734	10	31816
6122	12	31817
31818	6	31819
31820	2	18304
16574	0	31821
31822	2	26434
31823	4	225
31824	8	7449
31825	8	11572
31826	6	25282
31827	6	16672
31828	6	28177
31829	6	6807
21774	2	31830
31831	2	13638
31832	2	602
31833	6	5260
31834	2	9069
31835	8	1367
31836	8	2177
31837	4	499
31838	6	14329
4596	2	31839
428	14	31840
31841	6	20260
6437	14	31842
31843	6	21948
31844	6	95
665	2	31845
317	2	31846
31847	6	24168
27748	2	31848
23293	2	31849
31850	6	1772
31851	6	8878
31852	4	702
2833	0	31853
26280	2	31854
31855	2	24629
31856	6	125
26066	6	31857
31858	0	30388
31859	6	6486
31860	12	12336
31861	6	462
31862	6	26070
31863	2	5806
13461	12	31864
31865	0	31866
31867	6	7704
31868	6	31869
2956	0	31870
25744	2	31871
31872	6	19099
31873	6	20328
31874	6	21895
31875	6	8134
11815	2	31876
31877	6	20567
21527	6	31878
31879	6	20810
31880	6	4004
31881	0	28163
15515	12	31882
31883	6	1109
31884	6	6626
31885	4	702
31886	6	16946
31887	6	3601
31888	6	961
3079	0	31889
31890	6	2015
31891	6	4287
31892	6	21997
31893	6	10629
31894	6	15622
31895	8	211
14017	0	31896
22350	2	31897
31898	6	15713
3266	14	31899
31900	8	18674
13279	6	31901
6493	12	31902
31903	6	23405
31904	2	31905
31906	2	4105
31907	6	251
31908	6	14137
31909	4	11958
31910	4	3221
31911	6	15957
26373	6	31912
31913	0	16049
166	0	31914
31915	6	29830
23242	2	31916
31917	6	13473
2794	18	31918
31919	6	2343
31920	6	7710
31921	8	1367
31922	6	10399
31923	6	1064
31924	6	2743
13512	0	31925
31926	6	1388
31927	6	16066
31928	6	15325
30296	2	31929
24480	2	31930
16767	2	31931
16763	12	31932
9481	14	31933
31934	6	7514
4287	2	31935
7658	2	31936
31937	2	31938
1771	2	31939
31940	6	19285
31941	2	31942
31943	6	6888
31944	6	499
31945	6	14684
31946	6	28840
31947	2	1555
31948	6	860
31949	6	9403
31950	6	5084
31951	8	18062
27753	2	31952
31953	6	2258
31954	6	7698
31955	2	5849
31956	6	41
31957	12	31958
31959	8	311
31960	8	135
31961	6	246
31962	6	16626
31963	12	31964
5282	12	31965
31966	6	2827
31967	6	411
27130	0	31968
31969	6	12282
31970	6	30621
4841	0	31971
31972	6	5202
31973	6	5882
31974	6	495
31975	2	31976
31977	6	30854
20795	2	31978
31979	6	2039
31980	8	7611
31981	4	2227
31982	2	31983
31984	6	5457
6578	0	31985
31986	6	979
31987	8	1221
31988	6	2137
5597	0	31989
12329	2	31990
31991	6	731
428	14	31992
17699	2	31993
31994	6	3784
31995	6	29830
31996	6	8239
31997	6	4021
31998	8	6109
14810	12	31999
26101	16	32000
32001	6	3931
32002	6	11739
32003	4	851
32004	6	10983
32005	6	8978
32006	6	5297
32007	6	495
32008	6	5820
32009	6	12985
32010	6	20562
17588	14	32011
32012	2	32013
23520	2	32014
32015	6	30507
32016	6	14785
32017	6	3722
32018	2	23389
32019	8	691
32020	6	814
32021	2	17040
32022	6	2594
6122	12	32023
10489	12	32024
32025	6	13055
32026	6	11142
32027	4	2076
32028	6	12964
24284	2	32029
1971	6	32030
29511	12	32031
32032	6	6221
1203	12	32033
32034	6	2293
18781	6	32035
32036	6	32037
32038	2	2587
32039	6	421
32040	6	4623
32041	6	1407
32042	6	21838
32043	8	311
28444	2	32044
32045	6	137
12428	2	32046
32047	2	7265
32048	6	31603
30905	2	32049
310	2	32050
32051	4	29888
23531	2	32052
32053	6	3523
32054	6	8669
32055	6	24487
32056	6	3074
32057	6	23970
32058	2	32059
32060	6	26907
32061	0	22955
32062	6	1538
15694	2	32063
32064	6	32065
32066	6	11148
3972	12	32067
32068	6	5472
2285	12	32069
21287	6	32070
32071	8	4198
4297	2	32072
32073	2	23657
32074	6	8539
27066	8	32075
27905	0	32076
32077	0	32078
32079	6	6507
32080	6	13161
11174	0	32081
26065	0	32082
32083	8	2005
32084	6	4739
1635	0	32085
32086	6	1775
32087	2	10729
32088	6	32089
32090	6	795
32091	6	27278
32092	6	5456
32093	6	9044
32094	2	23506
32095	6	1197
24052	2	32096
32097	6	3110
32098	6	32099
32100	6	16920
14251	6	32101
166	0	32102
32103	6	14617
15544	6	32104
32105	6	698
32106	2	32107
15706	0	32108
9436	12	32109
32110	6	26994
1720	18	32111
32112	2	11711
32113	4	1144
32114	6	6219
32115	6	16763
32116	6	1775
32117	12	32118
32119	6	12656
32120	6	1410
22357	0	32121
2818	12	32122
32123	4	7460
32124	4	499
32125	6	25048
32126	2	7817
32127	4	11771
2036	12	32128
32129	6	18825
32130	6	445
6009	12	32131
32132	6	10725
32133	6	698
5587	12	32134
32135	6	1921
32136	6	32137
32138	6	32139
32140	2	15791
32141	0	32142
32143	6	664
32144	2	12294
24504	12	32145
32146	6	25781
4258	0	32147
32148	0	27338
32149	6	4317
32150	6	625
32151	6	13792
32152	6	7414
32153	6	1037
14605	0	32154
32155	6	12803
10892	12	32156
32157	6	6329
8619	0	32158
32159	6	1610
32160	6	32161
25019	6	32162
32163	6	10629
2733	18	32164
32165	6	8528
32166	6	3872
32167	12	11935
32168	6	2306
32169	6	1574
32170	8	18062
314	0	32171
32172	6	27705
1647	14	32173
31411	0	32174
32175	6	6880
32176	6	1958
32177	6	1819
32178	2	16272
6050	2	32179
31498	0	32180
13983	2	32181
16403	0	32182
32183	6	24246
8814	0	32184
6932	0	32185
26163	0	32186
32187	6	9403
32188	6	5120
32189	6	4317
21911	6	32190
32191	6	12961
25863	12	32192
32193	2	32194
32195	6	12842
32196	6	605
8071	0	32197
32198	2	14503
32199	6	655
32200	2	8230
32201	2	10073
32202	6	20283
32203	2	2828
28862	0	32204
4565	12	32205
32206	6	421
32207	12	7643
32208	6	32209
32210	6	20797
32211	6	4901
32212	6	32213
32214	2	25718
32215	0	15283
32216	2	30737
32217	0	25464
32218	2	27149
32219	6	1775
32220	12	26060
343	0	32221
17939	2	32222
32223	6	2452
32224	16	20140
32225	12	30123
32226	2	9697
32227	12	32228
30298	6	32229
32230	6	15742
32231	6	32232
3669	0	32233
32234	6	25862
32235	6	19518
32236	6	12964
32237	6	7414
32238	6	1244
32239	4	11207
32240	6	14390
32241	2	32242
32243	6	23010
32244	6	495
32245	2	4727
32246	12	28016
32247	8	949
32248	6	3659
32249	6	25530
32250	6	22083
19529	6	32251
32252	6	3207
32253	6	4044
12124	6	32254
17311	2	32255
23978	0	32256
32257	10	2423
18493	6	32258
32259	12	32260
32261	4	1565
28769	2	32262
290	2	32263
32264	6	13411
9533	0	32265
32266	0	32267
32268	12	32269
18513	6	32270
32271	12	21804
32272	2	5063
32273	8	1567
32274	6	41
32275	2	7830
32276	6	17333
32277	6	2016
32278	6	20771
32279	6	1942
32280	6	3503
3793	2	32281
32282	6	8348
32283	6	30285
22883	12	32284
1901	0	32285
32286	6	21074
3079	0	32287
32288	6	13714
32289	6	694
32290	2	29625
32291	6	13294
32292	4	499
32293	6	31043
32294	12	32295
32296	6	4108
14272	0	32297
32298	12	27055
32299	6	13670
22186	0	32300
32301	6	9097
32302	6	5351
6437	14	32303
32304	8	691
7810	14	32305
32306	6	3711
9533	0	32307
32308	8	17643
15580	10	32309
32310	6	3861
32311	6	1050
11770	12	32312
2732	2	32313
32314	6	5032
2419	12	32315
32316	2	21
32317	6	5609
32318	6	3546
32319	2	32320
32321	6	17771
15926	8	32322
18992	2	32323
11889	12	32324
32325	8	3331
10401	18	32326
32327	6	4145
32328	6	26279
1303	2	32329
32330	12	18663
9252	0	32331
32332	6	29580
32333	6	32334
32335	8	991
32336	6	1181
32337	8	135
32338	6	1181
32339	6	5456
12731	6	32340
32341	6	12575
32342	4	499
32343	6	915
32344	6	328
27010	0	32345
32346	2	12771
8379	2	32347
32348	6	625
23461	0	32349
1257	12	32350
32351	6	12738
32352	2	2928
24986	6	32353
32354	6	27003
22202	2	32355
32356	6	32357
23748	2	32358
32359	2	25511
32360	6	7918
32361	6	15244
32362	6	10604
9306	18	32363
32364	6	14801
32365	8	7449
32366	6	1410
11358	0	32367
25670	6	32368
32369	6	19193
32370	6	8725
17614	2	32371
32372	8	5921
8961	2	32373
32374	6	10205
32375	8	16468
2202	0	32376
32377	6	1750
428	14	32378
32379	6	1842
32380	6	3074
32381	6	1775
32382	6	32383
3284	0	32384
32385	2	13374
32386	6	3510
32387	6	2078
15729	6	32388
32389	6	8002
14481	2	32390
32391	6	10121
32392	2	18324
32393	6	16410
4630	12	32394
32395	6	41
9800	2	32396
12798	2	32397
32398	6	21795
32399	6	12224
32400	2	9917
6979	14	32401
32402	12	12557
32403	6	25819
32404	6	32405
32406	2	18126
23702	0	32407
19866	0	32408
30588	2	32409
15455	6	32410
32411	6	1921
32412	6	13871
32413	6	17351
32414	6	829
32415	8	18615
32416	0	32417
22811	0	32418
22117	2	32419
32420	6	25376
32421	0	32422
32423	6	2137
21265	0	32424
32425	6	2596
4724	12	32426
30279	2	32427
14155	12	32428
32429	6	1410
32430	6	195
32431	6	4564
19154	2	32432
32433	6	2418
32434	6	10694
32435	6	1264
22853	6	32436
13512	0	32437
32438	6	7704
32439	6	826
32440	6	14095
32441	8	7449
31372	0	32442
32443	4	225
32444	6	20012
32445	6	4176
32446	6	335
32447	0	32448
32449	6	9510
7970	6	32450
32451	6	21641
32452	2	3364
32453	6	731
32454	6	4147
32455	2	28738
32456	6	3863
32457	2	12402
32458	6	3412
32459	6	13704
428	14	32460
28672	2	32461
32462	8	1681
32463	2	1990
5676	2	32464
20497	0	32465
4648	18	32466
32467	6	17326
32468	6	5156
9174	6	32469
32470	6	6316
32471	6	20159
32472	2	29543
12537	12	32473
32474	8	4101
32475	2	32476
32477	2	32478
32479	4	3885
32480	4	499
32481	6	6742
32482	6	20331
32483	6	2519
24755	0	32484
32485	2	27399
32486	6	5984
32487	6	30511
32488	6	32489
6648	0	32490
30849	10	32491
28119	6	32492
11104	2	32493
32494	2	8657
19548	0	32495
32496	6	20079
5173	12	32497
32498	6	16600
32499	6	423
32500	6	2608
32501	6	627
32502	2	6790
32503	2	32504
32505	6	32506
32507	4	1246
32508	0	32509
32510	6	24442
32511	2	7779
2503	2	32512
29156	10	32513
32514	6	16959
32515	6	14143
32516	6	32517
5307	6	32518
32519	6	22264
32520	6	400
5732	0	32521
32522	6	6996
32523	6	7442
32524	6	9669
32525	6	7457
32526	6	13547
32527	0	32528
497	2	32529
32530	6	731
32531	6	25390
32532	2	27525
6669	0	32533
32534	6	4099
32535	6	32536
32537	2	24690
32538	6	14177
32539	6	8266
32540	6	21888
710	2	32541
428	14	32542
32543	6	6699
32544	2	25986
32545	6	16762
32546	6	19445
32547	8	16468
32548	6	32549
32550	0	32551
32552	6	9982
284	6	32553
32554	6	2132
32555	6	1819
32556	6	2123
32557	2	26470
32558	6	32559
32560	0	6057
32561	8	18123
27662	2	32562
32563	6	462
32564	6	5903
16030	0	32565
17372	12	32566
292	12	32567
32568	4	6293
32569	6	32570
6011	2	32571
32572	6	11202
9870	2	32573
27335	2	32574
22160	0	32575
32576	6	495
32577	6	32578
32579	0	21721
32580	6	16605
23234	2	32581
1203	12	32582
32583	6	1576
32584	6	10201
32585	12	28542
32586	4	702
32587	6	10694
32588	6	29210
32589	2	1803
32186	6	32590
32591	6	6697
32592	6	41
32593	0	24445
32594	6	22490
32595	6	1310
32596	6	32597
32598	6	17813
20338	0	32599
24981	2	32600
32601	6	900
32602	6	29690
32603	6	4703
32604	6	495
32605	6	15713
32606	0	28415
32607	2	32608
32609	2	15753
32610	6	14143
32611	2	2936
32612	6	8528
32613	4	4447
32614	0	32615
32616	6	10413
32617	6	32618
32619	6	10638
32620	12	23113
32621	6	3872
32622	6	19437
27100	0	32623
20651	0	32624
32625	6	18195
20172	6	32626
32627	2	12715
1291	0	32628
32629	6	423
32630	6	27985
32631	6	3415
32632	6	462
32633	6	7424
1203	12	32634
32635	6	625
1758	0	32636
32637	6	3553
32638	6	8974
32639	2	16499
32640	6	2058
32641	4	32642
32643	4	15960
32644	6	627
32645	0	20391
32646	6	15412
32647	8	1600
32648	6	29391
32649	2	8331
32650	12	27749
22487	2	32651
32652	6	655
32653	2	31905
32654	4	499
32655	6	21090
32656	6	731
6009	0	32657
32658	6	1775
15556	12	32659
32660	6	10638
32661	6	9847
32662	6	11403
20431	6	32663
32664	6	4204
5584	0	32665
12907	0	32666
8194	0	32667
30922	6	32668
32669	6	21863
17386	2	32670
32671	2	32672
770	0	32673
32674	4	225
29458	0	32675
32676	6	109
32677	6	2987
32678	6	8923
32679	6	16274
32680	6	14405
32681	6	4801
32682	6	411
32683	6	3855
4737	6	32684
5349	6	32685
32686	6	21473
3254	0	32687
13582	12	32688
32689	8	211
32690	6	3893
32691	4	1831
32692	2	20951
32693	2	16368
32694	6	26511
28291	12	32695
6801	0	32696
5986	0	32697
32698	4	225
32699	2	13680
32700	6	32701
32702	6	10615
3706	12	32703
32704	6	17345
32705	6	17958
29028	6	32706
32707	6	24704
32708	0	31561
32709	6	9727
32710	6	589
32711	4	702
9305	2	32712
32713	6	627
32714	6	698
32715	8	3331
32716	8	5450
32717	6	28208
32718	12	7345
13577	10	32719
32720	2	31281
32721	6	27572
32722	6	1181
32723	6	11541
32724	2	1654
32725	2	3141
32726	4	15261
32727	6	22699
26767	6	32728
32729	6	10360
9502	6	32730
27152	6	32731
1720	18	32732
32733	6	24758
32734	2	5739
32735	6	328
32736	6	16980
13620	2	32737
2397	2	32738
32739	6	7457
32740	8	7611
32741	6	495
32742	6	19939
32743	6	495
21296	0	32744
32745	2	29369
32746	6	9290
32747	6	13696
1203	12	32748
32749	6	20245
9206	2	32750
32751	6	411
32752	6	13908
4610	6	32753
28831	6	24937
28842	2	2847
28738	2	17663
28817	4	3885
28931	6	8096
16174	12	28750
20727	2	28894
2202	0	28941
1720	18	29091
29075	6	1502
29100	0	19724
541	18	28893
9802	12	29152
28826	6	466
28668	6	731
28827	8	1367
29121	2	19890
28738	2	4831
28937	16	10049
28959	8	10070
23813	2	28799
28837	6	3738
29041	12	23221
28755	2	1196
428	14	28956
29593	6	23243
18091	0	28740
29449	6	10564
29279	6	3999
29048	2	7843
28948	2	3460
29024	6	16299
29399	2	5642
14230	8	28782
29185	6	633
8735	0	28776
28756	6	5822
27290	12	28761
29437	6	26131
10567	16	29037
2114	2	29409
28712	6	25332
29812	2	25028
29452	2	11553
29632	4	851
29071	2	7117
9581	2	29551
9744	2	29309
29388	2	22984
9686	6	29122
29896	6	4658
19073	2	29530
27852	2	29651
28992	6	731
10860	2	29204
29275	6	908
29945	4	225
7836	16	28723
13909	2	29157
24690	2	28985
22273	12	30044
16236	16	29980
10291	0	28946
15364	0	29943
28910	0	18575
24084	2	28803
29673	2	19064
29717	6	15709
30064	2	21380
29579	6	12059
29229	6	11329
29901	2	17435
1291	0	29853
399	2	29296
28779	2	10524
29786	6	18981
3398	6	30199
28763	2	7984
29502	4	702
26034	0	29033
29652	0	27658
29483	6	9013
28971	6	5084
6122	14	30026
30029	2	14702
21380	2	30064
12590	2	29808
29678	0	29720
4841	0	28870
29530	16	18956
29719	2	19500
30117	6	783
29427	2	14862
15650	6	29151
1738	2	29311
28788	6	14925
12128	2	28954
28715	6	207
29237	2	245
15365	0	28815
28991	4	3503
28411	2	28875
29404	6	17171
28736	6	7136
29590	6	2045
29319	2	15886
29011	6	17179
2718	2	29697
29383	2	18104
30378	6	2920
18267	6	28695
30097	6	16361
7660	6	29220
17784	2	28679
14266	10	30158
30027	0	24558
28950	6	3488
30413	6	9190
29442	6	2370
29550	6	6717
24146	0	28735
13219	0	30538
7984	2	28763
28920	8	211
29382	2	3535
14585	2	30156
5953	2	30604
30096	2	1361
24118	2	29911
29554	6	3855
5048	2	29885
29869	12	21916
28957	2	14881
30489	6	21103
30452	6	1410
30339	6	2966
28745	2	4286
18443	6	29411
29442	4	2743
29601	6	3720
28980	6	6023
26396	6	28753
29042	8	4975
29278	4	1466
26034	0	30099
29498	6	3834
28840	6	15175
29639	6	15620
29083	2	30130
10111	6	30302
9256	2	29912
30043	0	28231
29773	6	17983
13007	12	30248
28892	6	5301
20702	6	30128
29068	6	19871
28838	2	9121
30042	2	21806
30335	8	211
29421	6	15538
28799	2	23813
20279	2	30595
12015	2	30149
19124	0	29227
9602	6	29659
24165	2	30502
29967	6	6656
12576	2	29998
28826	2	24753
1268	6	29965
21349	6	29209
22855	2	28951
29422	0	29108
16343	2	29293
25787	12	29983
29665	2	665
12684	6	29222
29743	6	11733
29980	16	16236
30967	6	979
14760	2	29645
16079	2	30114
28934	6	13509
28797	6	18981
29170	6	13470
29868	6	423
12266	2	30624
30874	6	18446
29768	2	2703
806	2	29054
28703	6	3488
13182	2	30153
12641	2	30925
28094	2	28991
29359	6	14801
2474	0	28928
30813	6	10062
14775	2	30306
28704	2	30209
28881	6	1577
30916	6	731
30899	6	2987
29229	2	7882
28847	2	19053
29955	12	999
20005	12	30041
29763	6	187
30566	6	1181
10477	2	28902
23891	6	30641
29117	6	2440
30391	8	24784
30750	6	187
30292	4	1565
14237	12	28731
30337	6	20290
31129	2	1614
8282	12	28801
531	6	29319
15226	6	30372
29134	6	30398
29103	6	8222
27151	2	29867
29048	2	16790
30846	12	17473
6122	14	29878
31177	2	4808
30663	6	6958
29474	2	8309
30462	6	16975
29613	4	1466
30620	6	7704
2236	12	30370
24071	0	29655
10674	2	28836
30886	2	3494
22814	6	29094
4601	0	28701
29734	4	2247
30682	8	75
29925	6	13853
1222	18	30695
29800	6	5863
30862	6	8822
1984	14	29587
31039	6	29416
9088	2	29881
30328	2	18796
2698	2	29190
31223	8	1681
29958	0	7955
9830	16	29147
17439	2	30771
28964	2	20997
25360	6	29416
30554	2	4250
893	12	31401
29850	6	795
3186	12	30342
30313	6	15221
27034	0	29506
5269	2	28852
29054	2	806
28841	6	12964
30194	6	1775
29327	2	15661
29165	6	2548
29769	2	10727
30640	4	702
30669	2	8562
2733	18	29887
29303	4	702
31189	8	211
31393	6	11148
4841	0	31267
27988	0	28760
217	10	30849
29673	6	3343
26511	2	28912
31326	6	4004
28743	6	3711
31177	6	9766
13717	2	30886
29037	16	10567
28809	2	7783
19322	2	30777
4605	12	31597
29535	6	10984
28706	6	1502
30408	6	14606
30981	8	1357
2627	0	31211
794	0	30311
30265	2	3062
12047	0	31011
31563	6	4531
30754	6	5820
31056	4	702
30174	2	340
15897	0	28778
31093	2	30010
30744	2	30743
454	0	29896
23288	16	31084
29519	6	1181
29659	2	21897
29622	6	6271
30436	12	10795
31154	2	16935
30690	6	22577
31756	6	7414
30952	2	23616
25554	12	28837
31484	8	311
11932	2	31038
29043	6	4968
22229	2	28672
30362	6	14535
15671	0	30432
30600	4	4989
31205	4	702
30411	6	13073
428	14	31709
3779	0	30086
30612	8	12722
29952	4	2971
30881	6	427
15062	0	31031
25224	6	30663
28718	12	22206
19945	12	29059
29882	2	29881
29676	6	11777
28166	6	31656
14538	2	31441
30905	2	8088
30040	0	10722
31623	6	255
24605	2	29716
28975	6	15291
29560	6	12460
20396	2	29780
29135	6	3210
4301	12	29939
29367	6	2015
31540	6	30975
30357	6	13555
30002	6	11874
24516	2	28929
27087	6	31438
166	0	30361
31874	0	26526
29174	6	435
4565	14	29835
6602	2	31650
31512	0	10474
31071	2	7707
29297	8	211
30437	6	5120
7198	0	30586
31853	0	24716
28990	4	633
30403	2	26335
29701	6	421
29470	6	1165
31663	2	3734
21769	2	31782
29491	0	5385
29295	6	12369
31474	6	27391
30142	6	13030
31311	2	29294
29228	6	21192
22510	2	31026
29267	2	29266
28674	6	17239
30131	6	8209
15892	2	29865
31293	6	2328
31461	2	30292
4269	2	29657
10063	2	30813
30037	6	1988
30695	6	6708
30292	6	2151
28567	2	30279
28613	12	30623
30012	14	30826
30759	16	15333
11148	12	29228
9273	6	31022
27901	2	29716
30152	0	6527
29388	12	21977
28999	2	4522
31714	6	26267
29613	6	19973
20324	12	31223
31676	6	19700
31928	2	27210
30847	6	814
29044	8	211
29914	6	31476
29494	2	2384
30954	6	625
28933	6	187
29438	6	411
30798	6	4420
924	0	29576
12917	12	29006
31001	2	3419
18222	2	29663
28783	6	29337
11264	2	30396
30562	6	7074
28735	6	1589
31392	6	26754
5985	0	30315
29946	6	731
20023	0	31057
24273	0	29953
30169	2	12547
29669	6	24937
30486	6	2137
712	18	31823
166	0	28857
32120	2	5687
30518	2	19033
30322	6	255
29872	6	111
31049	2	4667
31140	6	1775
823	0	29272
29161	6	423
31766	0	16904
30294	0	25507
4788	12	28812
29190	2	2698
32072	2	4297
29543	2	27593
31224	4	12816
4578	2	29971
19023	0	29990
30759	6	14232
4247	2	31499
31110	6	13037
31058	6	698
31939	2	1771
4093	6	30600
8273	2	31227
29458	6	2015
28935	2	19481
3040	2	29769
28804	2	3389
29166	2	31123
15999	2	31802
18834	2	28831
32140	6	11777
14576	2	30987
14280	12	28923
30977	8	6348
13007	14	31543
29297	8	135
22843	0	28748
19453	2	31365
24678	2	31242
25530	6	29410
30242	6	2407
32342	8	691
7123	2	29467
30451	6	1313
32281	6	7507
636	12	29321
14611	0	29789
869	6	29079
30266	2	8507
24159	6	29122
30324	6	3722
30145	6	24875
29784	0	14990
3186	12	30390
18107	2	29824
643	6	31288
29449	12	15853
28875	2	1289
32304	4	499
30782	10	22588
30124	6	18267
8758	2	29613
5602	0	30491
29188	2	7465
30626	4	2122
29314	6	3355
31087	4	5104
32417	6	3071
19448	6	32424
29423	2	7473
29675	6	11934
14774	6	28905
31026	4	4447
23639	6	30503
30456	6	411
32181	2	22734
9270	0	30592
18826	6	29817
29276	6	1842
30854	6	12460
5672	0	31776
29428	2	15405
30666	6	15573
28861	6	11639
29719	6	4707
32512	6	3829
30817	8	211
31677	6	15406
21612	6	32385
8082	6	31570
32171	6	353
3183	6	29570
31503	6	19876
30297	2	21067
29255	12	6953
32045	4	7460
32301	6	26097
29113	6	6697
27054	6	30332
20926	2	32290
7641	6	29325
31802	6	9836
7144	12	31147
6111	12	29255
30829	4	11863
10834	6	31022
29941	6	5120
30348	6	447
6790	2	32502
31627	6	495
428	14	29433
31605	6	22526
29412	6	4317
29243	8	476
29912	6	20260
10178	20	30259
25035	12	31355
29679	2	15629
4990	12	31528
11466	0	30253
16000	0	31560
31073	6	25886
5693	2	29283
8221	2	29979
30800	6	4705
31251	8	135
32382	4	3532
30761	2	4149
13851	2	29454
31247	6	19984
2587	2	32038
137	6	32075
16095	2	29308
11317	12	31837
30899	2	3220
8143	0	28765
2841	2	28875
428	14	31945
32706	6	339
3237	0	31408
31142	6	25185
30696	16	20215
5511	12	31641
31899	6	7648
31046	6	12375
13966	2	30984
24427	2	28784
31417	6	6996
32440	4	32622
30631	6	9013
32624	6	4004
32102	6	423
29902	6	21798
29265	0	23074
31869	6	22166
30293	0	32340
17284	2	30995
28852	4	1441
5412	0	30786
32307	6	655
18513	2	31090
31885	6	2248
28988	2	5380
28819	2	8257
30571	6	8584
31976	2	31975
29561	6	335
31038	2	11954
6284	0	31372
29587	4	7460
17588	14	32342
32320	6	13008
12033	0	28714
30381	6	411
30972	2	25600
32290	2	20926
32290	2	20400
31601	0	25727
31476	6	41
8657	2	32494
29691	6	462
30415	6	16003
29920	10	19731
31975	4	851
2091	16	30156
30520	2	2883
16783	2	32750
431	2	32604
29793	6	6634
30225	6	24612
28771	2	17025
29583	2	10798
4961	6	29485
29284	6	10286
18096	12	28866
31508	6	11881
8257	2	28819
30257	6	16407
29194	16	2845
10734	2	30802
31284	2	21203
30614	2	18304
32322	6	22163
4727	2	32245
9121	2	28838
32174	6	6802
29904	6	9351
15792	2	29669
32191	4	225
14391	0	31573
32732	6	8584
5714	2	30073
30177	2	1478
3058	12	29361
22630	6	32101
32107	2	31102
29704	6	3861
28835	0	28834
2952	2	29675
11557	2	32229
16181	2	32282
32657	6	16249
2813	2	29979
31920	2	4444
29559	6	15502
31663	6	11864
32691	2	28570
28672	2	16121
31663	2	12046
22603	2	29109
30140	6	16439
32484	6	3906
29555	4	225
31817	8	1465
17032	6	31054
17801	6	30952
29114	2	7341
28441	2	29766
16044	6	29155
628	2	28770
30618	6	16052
30522	0	31448
30365	12	3189
30951	6	22405
5496	2	31204
4636	6	30641
28161	0	32603
30300	4	499
30642	4	6293
29912	2	29911
3971	2	29080
31684	6	731
30899	4	11399
28666	6	26644
32752	2	13503
29851	6	10538
28775	6	1181
29667	12	4010
29388	12	28447
1720	18	32015
32083	8	15308
32565	6	12656
30778	2	3062
4979	0	29754
31020	6	462
13631	2	32087
30012	14	32019
30420	6	19326
22762	2	32201
11418	6	30115
32421	6	6996
24837	2	29371
31480	6	1290
29595	2	13699
31492	2	21471
29180	4	5466
31222	2	19853
29322	6	423
30784	6	860
10767	2	30788
31419	6	8524
31832	6	12
30922	2	6693
32717	4	702
166	0	29298
5309	2	29676
29156	2	20159
8563	0	30439
29346	6	24909
27637	6	32229
28720	2	3441
30902	2	4324
29371	2	24837
29912	2	9256
28875	2	28411
30168	4	2351
31774	6	1516
27150	2	29154
6185	2	30956
4352	2	28702
8542	2	32314
30316	6	655
29901	2	29167
31717	0	1415
32649	2	21134
13695	2	29975
32409	6	22877
376	20	31232
12402	2	32457
4108	2	28927
31621	6	8759
29440	6	411
31233	4	702
32271	6	1435
31401	2	15991
32246	2	11858
25692	2	31534
31509	6	18264
28547	2	29861
7473	2	29423
428	14	30382
30790	2	30789
31971	6	655
31653	6	3764
27294	0	29436
28809	6	255
29893	2	15956
1720	18	32648
30357	2	31496
31545	2	2324
32031	8	6297
28856	2	20685
16005	6	30708
29325	6	9779
10049	16	28937
22603	2	29167
28774	6	4317
30140	2	16413
17740	2	29115
29808	2	32483
29810	6	5310
32091	10	11383
32420	2	12539
385	2	30746
30379	6	10592
32733	2	4636
14379	2	31353
712	18	30102
25824	6	30411
31133	4	7460
29543	2	32472
32275	6	3044
30558	6	5120
32452	2	10330
29130	6	35
2094	2	30188
32627	6	41
26224	2	29935
19417	0	29727
29571	4	7360
1972	0	30801
290	0	31023
14142	0	30393
31620	6	11881
25770	6	31726
31645	2	9672
31160	6	12898
19449	2	29935
29906	6	1165
30084	6	5984
19384	2	29780
5693	2	28743
31930	2	24480
32285	8	991
18285	2	30735
28762	2	17371
32590	6	27056
3242	12	28688
29881	2	9088
32545	12	24259
1670	6	29812
32215	6	411
28259	6	32688
9895	2	30759
32052	6	1142
29931	2	12512
31195	6	2017
32626	6	20797
11691	2	29998
31036	6	411
32620	6	4090
428	12	30012
29386	6	655
29517	6	129
29631	6	6216
8107	12	32375
28955	0	24450
28813	6	7446
30077	6	7797
31091	2	8937
30280	2	30279
29707	6	5214
31981	6	16841
15706	0	31478
28852	2	15027
1713	12	30012
12961	2	31396
19657	2	29291
32726	4	3221
32266	6	655
22038	0	28676
28988	6	9439
32065	6	7155
31900	2	14881
9672	2	31645
11074	2	32257
14881	2	28957
25421	6	30851
17728	2	29802
32570	6	2109
26348	2	29415
30746	6	14816
30503	6	5024
27579	2	29848
32645	6	546
30359	0	12348
32737	2	13620
30804	2	15223
32725	6	7220
19159	12	29245
31135	8	2665
29166	20	20668
6318	2	29596
16604	2	29892
28707	6	11621
30570	2	7265
29437	2	8104
30662	6	12566
4427	2	28921
31913	0	18427
32117	6	26738
1227	6	31395
30924	2	27689
29139	6	3816
31240	4	2485
14468	2	29172
4199	6	29641
2633	2	29663
428	14	32438
8846	2	28852
9054	2	32238
32479	6	20446
29127	6	353
31329	6	29414
30120	6	3872
802	0	30192
31030	6	13865
12771	2	32346
30628	6	15688
30013	2	23531
14336	12	30012
31119	2	25541
5395	2	30166
17613	2	31331
32483	2	29808
26629	2	32245
4385	2	31243
31525	6	9439
31165	10	12757
19053	2	28847
24054	6	32347
2567	6	29283
1171	2	31244
4414	2	29677
28843	0	412
8463	6	31077
29138	6	18790
29699	2	351
28878	0	581
30236	6	7796
30618	2	15399
17236	6	29210
29131	6	7989
7465	2	29188
31211	0	2950
28723	6	6466
3140	2	32725
28993	6	979
31665	6	1120
26307	0	29133
31214	4	851
29880	2	19076
31084	16	23288
31240	6	4953
28914	2	25298
29368	2	20301
224	6	31823
30443	6	2814
30544	8	4625
29309	2	9744
23753	16	31284
891	10	32738
30402	12	3561
32410	6	21698
32464	2	5676
29865	6	732
32037	6	15219
26845	2	29428
29087	0	15878
31234	8	4113
32207	6	19986
31849	6	19361
32359	6	12913
29734	2	19076
29296	2	19962
17296	0	30794
13098	6	29295
32255	2	1479
30352	0	18393
31702	4	702
31958	12	32294
13078	0	29251
23084	2	30918
31135	8	22636
31242	2	9891
774	0	28753
30822	6	9439
30451	4	5237
31521	6	423
19801	2	29253
31675	6	7916
31390	0	29927
26436	2	31634
28912	2	26511
28680	4	1441
31207	6	9313
30134	6	411
9986	6	30125
2487	6	30286
30588	6	3787
8096	2	30770
30303	2	4721
31273	6	25371
19395	2	29717
31146	6	5226
24713	2	29944
30549	6	1917
17421	0	28716
6259	2	29651
32222	2	17939
32677	2	14531
29997	6	2370
30466	2	22029
30738	2	2261
9990	0	30760
31173	6	12931
31589	4	2122
8198	6	30536
7911	2	29183
6805	0	30932
12556	6	30569
32455	6	17326
4099	2	29912
30545	2	22519
32033	8	211
2114	2	31747
29641	2	19383
22645	12	29269
32404	6	29488
30249	6	3219
24722	2	30173
541	18	32411
31848	2	27748
32127	6	9821
10766	6	31169
11837	2	32238
28816	6	7874
11045	0	28684
28934	2	4973
32504	2	32503
31401	2	11626
30821	2	25144
31161	2	5172
30560	6	19350
31656	6	3532
32290	2	7131
15158	6	28833
29712	0	23078
29429	6	22983
31174	6	2015
5672	0	31684
26618	10	30174
4595	6	28806
28962	8	211
292	12	29694
30156	6	3385
29568	8	211
31094	8	211
9461	6	31422
5681	2	29957
31687	6	1801
6478	2	29631
29555	6	14552
22072	6	29210
31446	8	26444
28683	2	3289
16574	0	29568
29632	6	3999
29642	12	2508
31671	6	1304
32081	6	2531
31060	0	215
31090	6	4380
4701	10	31816
30650	8	311
7410	2	32454
25236	2	30264
23671	2	31271
18410	2	32532
2714	0	32348
11654	2	31018
27251	6	28873
4178	12	32647
31665	2	963
30886	2	13717
32197	6	1775
30873	4	499
30180	2	4832
26738	6	31644
2236	12	30599
31858	6	462
22123	6	32360
26670	2	32725
25365	2	28856
29439	2	19910
22629	2	31982
30984	6	9439
28548	6	29685
30296	6	4678
31604	6	4497
19380	2	29610
7707	2	31071
31965	14	23826
11991	6	30897
18739	0	29057
31260	2	30689
11938	0	31381
22981	6	30006
1285	6	29286
5394	2	30892
29702	6	1073
31593	6	23811
28848	6	6782
29347	6	15406
18934	2	32214
32383	6	26939
28736	2	7830
29293	2	16343
32372	8	19537
32748	8	211
19418	0	32061
32166	4	7468
28868	2	22131
12738	2	29218
31691	6	2444
32110	6	1839
32562	2	27662
29806	6	411
13796	0	29778
8230	2	31678
19592	6	30793
8818	12	29267
32405	6	67
32702	4	1959
32142	6	18981
31904	6	2528
29722	6	6824
31423	2	43
9624	0	31788
32476	2	32475
29028	6	338
30900	2	14753
29768	2	2649
26165	2	31605
166	0	30318
29495	2	749
29211	2	29210
21	2	32316
32185	6	3722
7817	2	32126
5179	2	29463
7627	2	32091
30575	2	9588
428	14	29475
8329	6	29498
29713	6	1750
31819	2	25869
29935	2	19449
28794	2	9603
30231	4	31288
20400	2	32290
30719	0	12250
28702	2	4086
29999	2	3384
30259	2	21254
7568	6	32037
30213	2	9865
19557	12	32473
32709	2	14119
31244	6	495
31554	2	16077
29255	6	6954
30328	6	3103
6253	4	30964
541	18	31532
3598	6	29025
29241	6	19420
7259	0	31511
32087	2	28772
20554	2	30908
29881	6	8720
30593	6	13580
30570	6	24811
9550	2	31477
30843	6	335
16551	2	30691
29716	2	6597
29051	8	135
30128	12	10997
21859	6	30213
24900	0	29609
28970	10	14213
7265	2	32047
32687	6	187
29895	6	5456
29686	6	8369
28741	6	16228
30991	6	731
31645	2	17900
30664	6	29714
31016	6	12353
30023	6	1283
20251	12	32115
28757	6	26227
31473	6	11752
6379	10	31654
32482	0	18574
21221	12	32292
30804	6	8958
29218	2	12738
32108	6	13075
31327	2	18147
18330	2	29299
17908	6	32494
31020	0	5384
3734	2	31663
29814	6	255
18421	6	29915
29640	2	27676
32608	4	10945
16483	2	31723
32611	6	10558
31692	8	18247
28930	2	18701
30466	6	26354
30604	6	552
30306	2	14775
31761	8	1053
31196	6	187
211	6	31153
31479	4	702
29573	6	8888
26041	6	30933
31823	6	3847
21779	2	29931
30516	6	3816
30231	6	6525
31979	4	11958
28865	0	12185
13100	6	29812
32397	6	21380
31365	6	184
963	2	31665
31806	0	19610
5426	2	28771
32073	6	7537
5739	2	32734
791	6	29079
29207	2	8593
31668	6	13607
31082	6	7770
28901	6	19897
32552	2	9981
30795	2	2633
20488	2	31028
17515	2	30690
8650	12	32526
3356	6	29671
22225	2	32734
3676	6	29284
32672	6	17088
30842	2	9386
2936	2	32611
31204	6	4287
30886	2	24233
6433	12	30620
9959	12	29189
11269	0	29678
1999	0	30447
29205	12	11563
32737	6	9301
31942	2	31941
24876	6	30487
30042	2	2129
2474	0	29085
30166	6	25966
2087	2	30068
1720	18	29198
32148	6	423
31901	6	22229
32712	2	26132
26388	12	30599
31553	2	24544
30268	6	655
12148	0	31172
31008	2	30358
32735	10	10472
22029	2	30466
1972	0	30547
32708	0	16000
9094	12	32337
31633	6	13656
17589	2	30394
29825	6	11516
31389	6	3872
39	6	31661
32420	4	1565
25043	6	30142
31851	4	12603
31685	6	17824
29871	2	26470
12952	6	32529
30668	6	1151
32527	4	499
213	12	30412
30918	2	23084
14929	12	30262
30778	6	711
32330	6	4195
29801	0	24806
31442	0	26523
5819	2	29914
20215	16	30696
30460	12	15212
8167	0	30718
29122	6	5712
19279	10	32662
29183	2	7911
27606	6	29535
31725	6	1988
32699	6	1005
11711	2	32112
31913	0	14191
30163	0	32199
20589	0	30844
28678	6	2440
29926	2	29925
1948	8	32322
31791	4	2247
29313	2	14912
28877	6	4658
29632	2	20582
19896	12	32339
20223	2	32740
30427	10	615
32448	6	2309
28767	6	11116
28983	6	15867
1008	12	30299
32613	6	7333
31821	8	211
15929	6	31428
12068	6	31704
28952	8	6639
31876	6	23366
31904	2	3350
31058	0	29954
14503	6	30438
15131	2	29665
31212	2	24513
8323	2	29052
30012	14	32304
29831	6	627
23310	0	32206
32249	4	3466
32452	2	29017
15897	0	32727
29996	2	8896
29854	6	11161
29766	6	4678
6111	12	29254
29586	6	4824
10974	2	31419
29463	6	27081
31824	8	311
5829	0	30218
30559	2	2711
29880	2	19818
7259	0	32550
13857	2	29644
29658	2	9896
10729	2	32087
29123	6	11868
30513	6	11699
32650	6	12888
31428	6	661
17744	0	29533
21008	2	29613
32615	6	11965
31741	2	15447
16634	12	31371
30113	2	19578
30436	12	24872
31235	6	19128
29380	6	335
29372	6	21722
21056	0	29378
31361	6	8736
32099	6	8686
29439	6	13707
30831	6	25677
29848	2	27579
428	18	31780
8011	2	29498
17376	2	31265
30252	4	3466
4798	12	31867
17628	2	31686
32649	2	11948
15991	2	31401
29676	2	29122
5490	2	30902
30719	6	3722
11096	0	31533
30637	2	16294
28994	6	1181
2714	0	29660
30378	2	32249
30111	2	7025
30314	2	30313
7305	0	30825
29777	6	30231
31906	6	28937
7007	6	31022
428	14	31888
31572	6	10638
29839	2	3665
30054	8	135
31390	6	353
30281	6	10561
3651	2	31205
1077	2	31171
31232	2	5777
13638	2	31831
4322	2	31848
31146	2	24185
16272	2	32178
30954	0	18110
18225	0	31137
12044	0	31915
28845	6	5573
28726	6	5061
30184	2	18700
18108	0	32683
32094	6	29461
25541	2	31030
31330	8	211
31542	8	23386
32267	6	6858
4833	6	32075
30680	4	225
30261	6	27942
31579	6	5877
16597	6	31509
31821	8	135
31376	2	1054
29330	6	10694
29714	6	1013
32518	6	9439
29635	2	5575
30042	6	2971
27113	0	32685
9520	2	31621
22853	2	29368
31689	6	32503
31132	2	1654
31666	2	11684
22550	2	30343
8980	0	29646
28914	6	16193
28995	6	335
8009	6	31077
32488	2	32625
30043	6	1775
5433	2	29001
28872	6	3861
10156	2	30973
14111	2	31631
31319	2	24091
28727	8	211
16754	2	32344
32194	2	32193
29038	2	1957
32326	6	7704
29849	16	24598
27374	2	32395
31248	6	25263
30758	6	1950
32125	6	2082
29286	6	16674
28677	6	1788
30376	6	328
6313	12	30041
4831	2	28738
32498	4	922
28804	2	8652
30873	8	691
30102	12	24179
29724	6	18813
5849	2	31955
13698	16	29595
31067	2	5199
11964	0	32614
3528	0	31500
29552	6	11818
31338	0	21274
17624	10	29312
31539	2	31538
30368	2	12444
29766	2	14518
32543	12	17048
1720	18	30254
31111	6	18032
1006	0	31748
4895	0	32075
31952	2	27753
23591	0	30582
32329	2	1303
32344	2	14189
31935	2	4287
9007	0	29761
30565	6	20872
32666	6	1775
29074	2	17298
28673	6	1775
31577	6	8528
1654	2	31132
2752	10	31284
29040	4	1240
30098	6	1864
428	14	31502
7763	12	28860
7657	6	31169
16820	0	29352
32232	6	15173
158	2	30372
30829	6	18043
29687	6	1181
12695	2	28692
32368	6	19366
31290	6	15859
29847	6	548
6259	2	29543
17441	6	31492
18149	8	30894
2339	2	31563
32402	6	8987
29759	2	13995
21926	6	30969
29978	2	11648
6578	0	29503
31062	6	6055
32034	6	1838
1477	2	28764
883	2	31012
1430	0	28796
30926	6	917
29181	0	22090
29988	6	7596
31688	2	15461
30677	8	19461
32014	6	8742
8201	0	28800
19179	2	30956
7150	0	29222
25162	2	30944
30559	6	41
29517	4	6763
5597	0	31512
29168	2	10916
31654	10	9804
366	12	28904
32012	6	6142
30536	6	6879
30279	2	28567
30133	6	1819
13780	0	32041
32179	4	1144
29467	6	28100
901	0	32453
32097	2	1106
5282	12	29511
29310	6	4348
7071	2	32255
29008	4	702
18304	2	30357
30924	2	23865
30111	2	30429
32528	6	3601
636	14	32155
19368	6	29101
31362	0	1941
30764	2	24747
31024	2	30418
30287	6	3989
21299	6	31668
17370	2	28762
4648	18	29887
30853	6	423
31797	8	8057
29728	6	11789
29010	2	31505
32477	2	26442
4795	2	30283
30149	2	3430
29734	6	14678
18085	0	31469
32131	8	1053
4086	2	28702
29052	6	11344
30823	2	30822
30060	6	21555
30601	6	4962
25511	2	32359
27386	0	31903
30356	2	21479
27689	2	30924
29951	6	1410
11294	8	30726
32697	6	10661
29681	6	17700
29058	2	11074
18701	2	30185
32201	2	22762
30286	6	16898
32213	6	3553
9637	6	29963
27278	2	30121
31376	2	7497
31449	6	1202
29300	6	8136
32221	6	3837
31069	6	13630
32608	6	8999
31640	6	1585
31382	2	694
29638	6	7778
5976	6	32590
29543	6	1751
31208	6	11005
31739	8	8382
9950	2	30215
4601	0	31607
24747	2	30764
2915	2	30073
31209	6	41
30064	6	2151
30432	0	25018
32258	4	851
29428	2	26845
29277	6	27911
29237	2	11509
25541	2	31119
16633	12	29843
1054	2	31376
24617	2	32452
30285	6	23244
30995	2	17284
6602	2	31906
28748	6	353
30538	6	2015
19890	2	29121
8100	10	28838
32298	6	19729
6789	2	31627
29371	10	5233
17119	2	32609
31854	6	711
19252	2	28931
30741	6	3740
28909	6	8688
25869	2	31819
19313	0	29795
30138	2	3489
30201	6	411
32340	6	22163
8405	10	31418
32023	8	211
7687	12	30092
1199	0	30970
26581	2	31431
31185	6	3076
31261	6	731
31100	2	31099
14929	12	32689
31371	12	2670
5683	10	32513
29739	6	19396
10819	0	29375
12066	12	30599
32167	6	11936
30581	2	27028
29731	0	3253
29147	2	6986
12941	10	29981
31781	6	1796
18700	2	30184
28999	6	21067
28712	4	7460
9270	0	31336
31413	6	11707
30195	6	462
1435	2	29019
32178	6	12702
14395	6	32281
31897	6	994
31703	12	19726
5829	0	29941
19862	16	29363
16499	2	32639
29888	6	3183
30486	2	30485
4341	6	29496
78	2	32455
19909	0	31231
29864	6	3710
29787	6	7277
30229	2	22165
31860	6	13052
25197	0	29119
28679	2	14251
12377	2	28996
30683	6	731
17540	2	29924
380	12	30055
19097	12	30557
30578	16	5849
29434	8	211
2608	12	30550
32731	2	5156
2828	2	32203
29972	2	7989
31336	6	411
5396	0	30506
30917	6	1181
11755	2	31988
1199	0	32266
32151	2	17572
31457	6	462
29154	2	1771
2649	2	29768
366	14	31868
29071	6	5578
13194	6	29709
11236	12	31490
30355	6	20498
14843	2	29274
30189	6	411
30169	6	18082
32052	2	23531
32501	0	20487
30749	2	7953
25858	0	31307
31875	4	702
14728	2	30972
28961	6	8351
32581	6	21895
24146	0	28734
15825	0	32248
29393	6	1617
30594	6	1775
29698	2	30111
19347	4	32622
29050	6	4632
10036	12	31429
5802	12	30585
29318	2	9153
28670	0	12704
31042	4	4543
12325	2	31316
29801	6	3722
31360	2	23954
31857	2	31008
11029	16	28683
17226	12	30274
20766	6	30062
32179	2	6050
11622	2	28909
11842	6	29295
13667	18	31285
31340	2	23219
1291	0	32189
30659	6	4812
3972	12	29574
30615	8	7449
31838	4	1565
5155	6	32557
31316	2	12325
29644	6	732
29378	0	31325
30779	6	3207
29093	6	8687
31921	8	2005
15614	6	32557
1720	18	31986
26271	6	30364
32359	0	4177
2714	0	32635
28949	2	30091
32059	6	4271
30183	6	21052
12364	6	29295
7449	6	30463
32147	6	546
21987	12	29029
32455	2	78
31782	2	21769
31210	6	18188
30106	6	13666
29444	6	26037
32158	6	421
548	12	30117
4102	12	30187
29697	2	2718
428	14	30871
3148	0	31107
30588	2	9996
30129	2	15030
29901	2	2827
30942	6	11482
29553	8	25426
24657	12	31862
31645	2	9673
24645	6	32357
30913	6	2124
6998	2	30520
24959	0	32525
32011	8	691
16294	2	30637
2833	0	29752
11874	10	32662
11846	2	29385
29115	6	4418
29715	8	32193
31795	6	411
1167	2	30676
3000	12	31234
30818	6	5988
20262	6	30354
32371	2	17614
31913	0	1438
30708	6	29986
